4.16e-03
4.23e-03
4.29e-03
4.35e-03
4.42e-03
4.49e-03
4.56e-03
4.63e-03
4.70e-03
4.77e-03
4.85e-03
4.93e-03
5.01e-03
5.09e-03
5.17e-03
5.26e-03
5.35e-03
5.44e-03
5.53e-03
5.62e-03
5.72e-03
5.82e-03
5.92e-03
6.03e-03
6.13e-03
6.25e-03
6.36e-03
6.48e-03
6.60e-03
6.72e-03
6.85e-03
6.98e-03
7.11e-03
7.25e-03
7.40e-03
7.54e-03
7.69e-03
7.85e-03
8.01e-03
8.18e-03
8.35e-03
8.53e-03
8.71e-03
8.90e-03
9.09e-03
9.29e-03
9.50e-03
9.72e-03
9.94e-03
1.02e-02
1.04e-02
1.07e-02
1.09e-02
1.12e-02
1.15e-02
1.17e-02
1.20e-02
1.23e-02
1.27e-02
1.30e-02
1.33e-02
1.37e-02
1.41e-02
1.45e-02
1.49e-02
1.53e-02
1.58e-02
1.62e-02
1.67e-02
1.72e-02
1.77e-02
1.83e-02
1.89e-02
1.95e-02
2.01e-02
2.08e-02
2.15e-02
2.23e-02
2.31e-02
2.39e-02
2.48e-02
2.57e-02
2.67e-02
2.78e-02
2.89e-02
3.00e-02
3.13e-02
3.26e-02
3.41e-02
3.56e-02
3.72e-02
3.90e-02
4.08e-02
4.29e-02
4.51e-02
4.74e-02
5.00e-02
5.27e-02
5.58e-02
5.91e-02
6.27e-02
6.67e-02
7.11e-02
7.59e-02
8.13e-02
8.74e-02
9.42e-02
0.10188194
0.11064581
0.12070405
0.13235133
0.145981
0.16213066
0.1815584
0.20537668
0.23530215
0.27417676
0.32720639
0.40563014
0.54321852
0.99802083
0.99915118
0.99930683
0.99936673
0.99939459
0.99940581
0.99940887
0.99940604
0.99939891
0.99939083
0.99937624
0.9993615
0.99934469
0.99932625
0.99930557
0.99928313
0.99925878
0.99923225
0.99920314
0.9991719
0.99913714
0.9990988
0.9990568
0.99900961
0.99895671
0.9988967
0.99882889
0.99874671
0.99865006
0.99853151
0.99838153
0.99818235
0.99789677
0.99743601
0.9964766
0.99057479
0.54184088
0.40493594
0.32675393
0.27384936
0.23504979
0.20517475
0.18139195
0.16199061
0.14586131
0.1322472
0.12061263
0.11056465
0.10180928
9.41e-02
8.73e-02
8.13e-02
7.59e-02
7.10e-02
6.66e-02
6.26e-02
5.90e-02
5.57e-02
5.27e-02
4.99e-02
4.74e-02
4.50e-02
4.28e-02
4.08e-02
3.89e-02
3.72e-02
3.56e-02
3.40e-02
3.26e-02
3.13e-02
3.00e-02
2.89e-02
2.77e-02
2.67e-02
2.57e-02
2.48e-02
2.39e-02
2.31e-02
2.23e-02
2.15e-02
2.08e-02
2.01e-02
1.95e-02
1.89e-02
1.83e-02
1.77e-02
1.72e-02
1.67e-02
1.62e-02
1.57e-02
1.53e-02
1.49e-02
1.45e-02
1.41e-02
1.37e-02
1.33e-02
1.30e-02
1.27e-02
1.23e-02
1.20e-02
1.17e-02
1.14e-02
1.12e-02
1.09e-02
1.06e-02
1.04e-02
1.02e-02
9.93e-03
9.71e-03
9.50e-03
9.29e-03
9.09e-03
8.89e-03
8.70e-03
8.52e-03
8.34e-03
8.17e-03
8.01e-03
7.84e-03
7.69e-03
7.54e-03
7.39e-03
7.25e-03
7.11e-03
6.97e-03
6.84e-03
6.72e-03
6.59e-03
6.47e-03
6.35e-03
6.24e-03
6.13e-03
6.02e-03
5.92e-03
5.81e-03
5.71e-03
5.62e-03
5.52e-03
5.43e-03
5.34e-03
5.25e-03
5.17e-03
5.08e-03
5.00e-03
4.92e-03
4.84e-03
4.77e-03
4.69e-03
4.62e-03
4.55e-03
4.48e-03
4.42e-03
4.35e-03
4.28e-03
4.22e-03
4.16e-03
4.10e-03
4.04e-03
3.98e-03
3.93e-03
3.87e-03
3.82e-03
3.76e-03
3.71e-03
3.66e-03
3.61e-03
3.56e-03
3.51e-03
3.47e-03
3.42e-03
3.38e-03
3.33e-03
3.29e-03
3.25e-03
3.20e-03
3.16e-03
3.12e-03
3.08e-03
3.05e-03
3.01e-03
2.97e-03
2.93e-03
2.90e-03
2.86e-03
2.83e-03
2.80e-03
2.76e-03
2.73e-03
2.70e-03
2.67e-03
2.63e-03
2.60e-03
2.57e-03
2.55e-03
2.52e-03
2.49e-03
2.46e-03
2.43e-03
2.41e-03
2.38e-03
2.35e-03
2.33e-03
2.30e-03
2.28e-03
2.25e-03
2.23e-03
2.20e-03
2.18e-03
2.16e-03
2.14e-03
2.11e-03
2.09e-03
2.07e-03
2.05e-03
2.03e-03
2.01e-03
1.99e-03
1.97e-03
1.95e-03
1.93e-03
1.91e-03
1.89e-03
1.87e-03
1.85e-03
1.84e-03
1.82e-03
1.80e-03
1.78e-03
1.77e-03
1.75e-03
1.73e-03
1.72e-03
1.70e-03
1.68e-03
1.67e-03
1.65e-03
1.64e-03
1.62e-03
1.61e-03
1.59e-03
1.58e-03
1.57e-03
1.55e-03
1.54e-03
1.52e-03
1.51e-03
1.50e-03
1.48e-03
1.47e-03
1.46e-03
1.45e-03
1.43e-03
1.42e-03
1.41e-03
1.40e-03
1.39e-03
1.37e-03
1.36e-03
1.35e-03
1.34e-03
1.33e-03
1.32e-03
1.31e-03
1.30e-03
1.29e-03
1.28e-03
1.27e-03
1.26e-03
1.25e-03
1.24e-03
1.23e-03
1.22e-03
1.21e-03
1.20e-03
1.19e-03
1.18e-03
1.17e-03
1.16e-03
1.15e-03
1.14e-03
1.13e-03

