1.58e-02
1.59e-02
1.61e-02
1.62e-02
1.63e-02
1.64e-02
1.66e-02
1.67e-02
1.68e-02
1.69e-02
1.71e-02
1.72e-02
1.73e-02
1.75e-02
1.76e-02
1.78e-02
1.79e-02
1.80e-02
1.82e-02
1.83e-02
1.85e-02
1.86e-02
1.88e-02
1.89e-02
1.91e-02
1.92e-02
1.94e-02
1.96e-02
1.97e-02
1.99e-02
2.01e-02
2.02e-02
2.04e-02
2.06e-02
2.08e-02
2.09e-02
2.11e-02
2.13e-02
2.15e-02
2.17e-02
2.19e-02
2.21e-02
2.23e-02
2.25e-02
2.27e-02
2.29e-02
2.31e-02
2.33e-02
2.35e-02
2.37e-02
2.40e-02
2.42e-02
2.44e-02
2.46e-02
2.49e-02
2.51e-02
2.53e-02
2.56e-02
2.58e-02
2.61e-02
2.63e-02
2.66e-02
2.69e-02
2.71e-02
2.74e-02
2.77e-02
2.79e-02
2.82e-02
2.85e-02
2.88e-02
2.91e-02
2.94e-02
2.97e-02
3.00e-02
3.03e-02
3.07e-02
3.10e-02
3.13e-02
3.17e-02
3.20e-02
3.23e-02
3.27e-02
3.31e-02
3.34e-02
3.38e-02
3.42e-02
3.46e-02
3.50e-02
3.54e-02
3.58e-02
3.62e-02
3.66e-02
3.70e-02
3.75e-02
3.79e-02
3.84e-02
3.88e-02
3.93e-02
3.98e-02
4.02e-02
4.07e-02
4.12e-02
4.18e-02
4.23e-02
4.28e-02
4.34e-02
4.39e-02
4.45e-02
4.51e-02
4.57e-02
4.63e-02
4.69e-02
4.75e-02
4.82e-02
4.88e-02
4.95e-02
5.02e-02
5.09e-02
5.16e-02
5.23e-02
5.30e-02
5.38e-02
5.46e-02
5.54e-02
5.62e-02
5.70e-02
5.79e-02
5.88e-02
5.97e-02
6.06e-02
6.15e-02
6.25e-02
6.35e-02
6.45e-02
6.55e-02
6.66e-02
6.77e-02
6.88e-02
6.99e-02
7.11e-02
7.23e-02
7.35e-02
7.48e-02
7.61e-02
7.75e-02
7.89e-02
8.03e-02
8.17e-02
8.33e-02
8.48e-02
8.64e-02
8.81e-02
8.98e-02
9.15e-02
9.33e-02
9.52e-02
9.71e-02
9.91e-02
0.10114898
0.10327473
0.10547377
0.10774927
0.11010565
0.1125468
0.11507725
0.11770167
0.12042539
0.1232538
0.12619295
0.12924893
0.13242898
0.13574059
0.13919156
0.14279082
0.14654784
0.15047329
0.15457823
0.15887526
0.16337791
0.16810114
0.1730618
0.17827806
0.18376992
0.1895605
0.195675
0.20214182
0.20899295
0.21626454
0.22399795
0.23224013
0.24104615
0.25047829
0.26061021
0.27152863
0.28333602
0.29615678
0.3101394
0.32547062
0.34238142
0.36116743
0.3822153
0.40604541
0.43338045
0.46527776
0.50337455
0.550452
0.61193119
0.7014426
0.88102177
0.96576903
0.97515535
0.97906205
0.98126954
0.9826973
0.98369485
0.9844257
0.98497872
0.98540691
0.98574321
0.98600912
0.98622115
0.98638942
0.98652265
0.98662702
0.98670807
0.9867667
0.98680899
0.98683598
0.98684985
0.98685172
0.98684346
0.98682635
0.98680062
0.98676801
0.98672803
0.98668173
0.98663014
0.9865734
0.98651175
0.98644512
0.98637443
0.9862995
0.98622102
0.98614008
0.98605327
0.98596417
0.98587178
0.98577637
0.98567779
0.98557665
0.98547222
0.98536449
0.98525479
0.98514183
0.98502688
0.98490817
0.98478756
0.9846639
0.98453775
0.98440908
0.9842771
0.98414258
0.98400511
0.98386534
0.98372274
0.98357675
0.9834279
0.98327717
0.98312238
0.98296428
0.98280384
0.98263949
0.98247212
0.98230158
0.98212776
0.98194983
0.98176816
0.98158293
0.98139414
0.981201
0.98100377
0.98080211
0.98059633
0.98038585
0.98017073
0.9799502
0.97972502
0.97949406
0.97925808
0.97901593
0.97876819
0.97851346
0.97825253
0.97798502
0.97770996
0.97742739
0.97713731
0.97683881
0.97653153
0.97621502
0.9758892
0.97555296
0.97520611
0.97484768
0.97447721
0.97409454
0.97369794
0.97328723
0.97286163
0.97241841
0.97195868
0.97147944
0.97098045
0.97046011
0.96991647
0.969347
0.96875097
0.968125
0.96746635
0.9667729
0.96603995
0.96526496
0.96444267
0.96356755
0.96263456
0.96163569
0.96056352
0.95940753
0.95815556
0.95679449
0.95530575
0.95366746
0.95185324
0.94982638
0.947543
0.94494229
0.94193984
0.93842048
0.93421295
0.92905685
0.92253018
0.91389396
0.90171642
0.8828261
0.84887871
0.78048824
0.68638505
0.60909666
0.55052947
0.5043571
0.46655603
0.43473236
0.40737988
0.38349587
0.36237895
0.34352086
0.32653906
0.31114111
0.29709442
0.28421464
0.27235318
0.26138486
0.25120709
0.24173285
0.23288782
0.2246093
0.21684291
0.20954047
0.20266097
0.19616758
0.19002857
0.1842152
0.1787019
0.17346574
0.16848633
0.16374569
0.15922664
0.15491434
0.15079499
0.14685586
0.14308597
0.13947475
0.1360123
0.13269005
0.12949978
0.12643398
0.12348574
0.12064859
0.11791679
0.11528438
0.1127464
0.11029821
0.10793519
0.10565315
0.10344803
0.10131637
9.93e-02
9.73e-02
9.53e-02
9.35e-02
9.16e-02

