4.90e-03
4.97e-03
5.04e-03
5.12e-03
5.19e-03
5.27e-03
5.34e-03
5.42e-03
5.50e-03
5.59e-03
5.67e-03
5.76e-03
5.85e-03
5.94e-03
6.03e-03
6.12e-03
6.22e-03
6.32e-03
6.42e-03
6.53e-03
6.63e-03
6.74e-03
6.86e-03
6.97e-03
7.09e-03
7.21e-03
7.33e-03
7.46e-03
7.59e-03
7.73e-03
7.87e-03
8.01e-03
8.15e-03
8.30e-03
8.46e-03
8.62e-03
8.78e-03
8.95e-03
9.12e-03
9.30e-03
9.48e-03
9.67e-03
9.86e-03
1.01e-02
1.03e-02
1.05e-02
1.07e-02
1.09e-02
1.12e-02
1.14e-02
1.16e-02
1.19e-02
1.22e-02
1.24e-02
1.27e-02
1.30e-02
1.33e-02
1.36e-02
1.40e-02
1.43e-02
1.47e-02
1.50e-02
1.54e-02
1.58e-02
1.62e-02
1.66e-02
1.71e-02
1.76e-02
1.80e-02
1.85e-02
1.91e-02
1.96e-02
2.02e-02
2.08e-02
2.14e-02
2.20e-02
2.27e-02
2.34e-02
2.42e-02
2.50e-02
2.58e-02
2.67e-02
2.76e-02
2.85e-02
2.96e-02
3.06e-02
3.18e-02
3.30e-02
3.42e-02
3.56e-02
3.70e-02
3.85e-02
4.01e-02
4.19e-02
4.37e-02
4.57e-02
4.78e-02
5.01e-02
5.25e-02
5.51e-02
5.79e-02
6.10e-02
6.44e-02
6.80e-02
7.19e-02
7.63e-02
8.10e-02
8.63e-02
9.21e-02
9.86e-02
0.10584017
0.11398565
0.12320401
0.13371243
0.1457913
0.15981114
0.17627212
0.19587115
0.21961464
0.24902721
0.28657253
0.33661536
0.40810318
0.52514033
0.86767771
0.99873752
0.99902819
0.99913461
0.99918463
0.99920996
0.99922148
0.99922379
0.99922069
0.99921281
0.99920234
0.99918829
0.99917263
0.99915453
0.999134
0.99911206
0.99908833
0.99906233
0.99903454
0.99900468
0.9989721
0.99893732
0.99890008
0.99885873
0.99881457
0.99876633
0.99871298
0.99865412
0.99858856
0.99851498
0.99843128
0.99833495
0.99822264
0.99808835
0.99792445
0.99771649
0.99744046
0.99704831
0.99641851
0.99513328
0.98843503
0.57306759
0.43314054
0.35305114
0.29845844
0.25811637
0.22682486
0.20174384
0.1811519
0.16393074
0.14931439
0.13675751
0.12586021
0.1163208
0.10790734
0.10043788
9.38e-02
8.78e-02
8.24e-02
7.75e-02
7.30e-02
6.90e-02
6.53e-02
6.19e-02
5.87e-02
5.58e-02
5.32e-02
5.07e-02
4.84e-02
4.62e-02
4.42e-02
4.23e-02
4.06e-02
3.89e-02
3.74e-02
3.59e-02
3.46e-02
3.33e-02
3.21e-02
3.09e-02
2.98e-02
2.88e-02
2.78e-02
2.69e-02
2.60e-02
2.52e-02
2.44e-02
2.36e-02
2.29e-02
2.22e-02
2.16e-02
2.09e-02
2.03e-02
1.97e-02
1.92e-02
1.87e-02
1.82e-02
1.77e-02
1.72e-02
1.68e-02
1.63e-02
1.59e-02
1.55e-02
1.51e-02
1.48e-02
1.44e-02
1.41e-02
1.37e-02
1.34e-02
1.31e-02
1.28e-02
1.25e-02
1.22e-02
1.20e-02
1.17e-02
1.15e-02
1.12e-02
1.10e-02
1.08e-02
1.05e-02
1.03e-02
1.01e-02
9.91e-03
9.71e-03
9.52e-03
9.34e-03
9.16e-03
8.99e-03
8.82e-03
8.65e-03
8.49e-03
8.34e-03
8.19e-03
8.04e-03
7.90e-03
7.76e-03
7.62e-03
7.49e-03
7.36e-03
7.24e-03
7.12e-03
7.00e-03
6.88e-03
6.77e-03
6.66e-03
6.55e-03
6.44e-03
6.34e-03
6.24e-03
6.14e-03
6.05e-03
5.96e-03
5.86e-03
5.78e-03
5.69e-03
5.60e-03
5.52e-03
5.44e-03
5.36e-03
5.28e-03
5.21e-03
5.13e-03
5.06e-03
4.99e-03
4.92e-03
4.85e-03
4.78e-03
4.72e-03
4.65e-03
4.59e-03
4.53e-03
4.47e-03
4.41e-03
4.35e-03
4.29e-03
4.24e-03
4.18e-03
4.13e-03
4.08e-03
4.03e-03
3.98e-03
3.93e-03
3.88e-03
3.83e-03
3.78e-03
3.74e-03
3.69e-03
3.65e-03
3.60e-03
3.56e-03
3.52e-03
3.48e-03
3.44e-03
3.40e-03
3.36e-03
3.32e-03
3.28e-03
3.24e-03
3.21e-03
3.17e-03
3.13e-03
3.10e-03
3.07e-03
3.03e-03
3.00e-03
2.97e-03
2.93e-03
2.90e-03
2.87e-03
2.84e-03
2.81e-03
2.78e-03
2.75e-03
2.72e-03
2.70e-03
2.67e-03
2.64e-03
2.61e-03
2.59e-03
2.56e-03
2.54e-03
2.51e-03
2.49e-03
2.46e-03
2.44e-03
2.41e-03
2.39e-03
2.37e-03
2.34e-03
2.32e-03
2.30e-03
2.28e-03
2.26e-03
2.23e-03
2.21e-03
2.19e-03
2.17e-03
2.15e-03
2.13e-03
2.11e-03
2.09e-03
2.07e-03
2.06e-03
2.04e-03
2.02e-03
2.00e-03
1.98e-03
1.97e-03
1.95e-03
1.93e-03
1.91e-03
1.90e-03
1.88e-03
1.87e-03
1.85e-03
1.83e-03
1.82e-03
1.80e-03
1.79e-03
1.77e-03
1.76e-03
1.74e-03
1.73e-03
1.71e-03
1.70e-03
1.69e-03
1.67e-03
1.66e-03
1.65e-03
1.63e-03
1.62e-03
1.61e-03
1.59e-03
1.58e-03
1.57e-03
1.56e-03
1.54e-03

