-20.	7.17e-03
-19.91	7.21e-03
-19.82	7.25e-03
-19.73	7.28e-03
-19.639999	7.32e-03
-19.549999	7.35e-03
-19.459999	7.39e-03
-19.370001	7.43e-03
-19.280001	7.46e-03
-19.190001	7.50e-03
-19.1	7.54e-03
-19.01	7.58e-03
-18.92	7.62e-03
-18.83	7.66e-03
-18.74	7.69e-03
-18.65	7.73e-03
-18.559999	7.77e-03
-18.469999	7.81e-03
-18.379999	7.85e-03
-18.290001	7.89e-03
-18.200001	7.93e-03
-18.110001	7.98e-03
-18.02	8.02e-03
-17.93	8.06e-03
-17.84	8.10e-03
-17.75	8.14e-03
-17.66	8.19e-03
-17.57	8.23e-03
-17.48	8.27e-03
-17.389999	8.32e-03
-17.299999	8.36e-03
-17.209999	8.41e-03
-17.119999	8.45e-03
-17.030001	8.50e-03
-16.940001	8.54e-03
-16.85	8.59e-03
-16.76	8.63e-03
-16.67	8.68e-03
-16.58	8.73e-03
-16.49	8.77e-03
-16.4	8.82e-03
-16.309999	8.87e-03
-16.219999	8.92e-03
-16.129999	8.97e-03
-16.040001	9.02e-03
-15.95	9.07e-03
-15.86	9.12e-03
-15.77	9.17e-03
-15.68	9.22e-03
-15.59	9.27e-03
-15.5	9.32e-03
-15.41	9.38e-03
-15.32	9.43e-03
-15.23	9.48e-03
-15.139999	9.54e-03
-15.049999	9.59e-03
-14.96	9.65e-03
-14.87	9.70e-03
-14.78	9.76e-03
-14.69	9.81e-03
-14.6	9.87e-03
-14.51	9.93e-03
-14.42	9.98e-03
-14.33	1.00e-02
-14.24	1.01e-02
-14.15	1.02e-02
-14.059999	1.02e-02
-13.969999	1.03e-02
-13.879999	1.03e-02
-13.79	1.04e-02
-13.7	1.05e-02
-13.61	1.05e-02
-13.52	1.06e-02
-13.43	1.07e-02
-13.34	1.07e-02
-13.25	1.08e-02
-13.16	1.08e-02
-13.07	1.09e-02
-12.98	1.10e-02
-12.889999	1.10e-02
-12.799999	1.11e-02
-12.709999	1.12e-02
-12.62	1.13e-02
-12.53	1.13e-02
-12.44	1.14e-02
-12.35	1.15e-02
-12.26	1.15e-02
-12.17	1.16e-02
-12.08	1.17e-02
-11.99	1.18e-02
-11.9	1.18e-02
-11.809999	1.19e-02
-11.719999	1.20e-02
-11.63	1.21e-02
-11.54	1.21e-02
-11.45	1.22e-02
-11.36	1.23e-02
-11.27	1.24e-02
-11.179999	1.25e-02
-11.089999	1.25e-02
-11	1.26e-02
-10.91	1.27e-02
-10.82	1.28e-02
-10.73	1.29e-02
-10.639999	1.30e-02
-10.549999	1.30e-02
-10.46	1.31e-02
-10.37	1.32e-02
-10.28	1.33e-02
-10.19	1.34e-02
-10.099999	1.35e-02
-10.009999	1.36e-02
-9.9200001	1.37e-02
-9.8299999	1.38e-02
-9.7399998	1.39e-02
-9.6499996	1.40e-02
-9.5599995	1.41e-02
-9.4699993	1.41e-02
-9.3799992	1.42e-02
-9.29	1.43e-02
-9.1999998	1.44e-02
-9.1099997	1.46e-02
-9.0199995	1.47e-02
-8.9299994	1.48e-02
-8.8399992	1.49e-02
-8.75	1.50e-02
-8.6599998	1.51e-02
-8.5699997	1.52e-02
-8.4799995	1.53e-02
-8.3899994	1.54e-02
-8.2999992	1.55e-02
-8.2099991	1.56e-02
-8.1199999	1.57e-02
-8.0299997	1.59e-02
-7.9399996	1.60e-02
-7.8499994	1.61e-02
-7.7599993	1.62e-02
-7.6699991	1.63e-02
-7.5799999	1.65e-02
-7.4899998	1.66e-02
-7.3999996	1.67e-02
-7.3099995	1.68e-02
-7.2199993	1.70e-02
-7.1299992	1.71e-02
-7.039999	1.72e-02
-6.9499998	1.74e-02
-6.8599997	1.75e-02
-6.7699995	1.76e-02
-6.6799994	1.78e-02
-6.5899992	1.79e-02
-6.499999	1.81e-02
-6.4099998	1.82e-02
-6.3199997	1.83e-02
-6.2299995	1.85e-02
-6.1399994	1.86e-02
-6.0499992	1.88e-02
-5.9599991	1.89e-02
-5.8699999	1.91e-02
-5.7799997	1.92e-02
-5.6899996	1.94e-02
-5.5999994	1.96e-02
-5.5099993	1.97e-02
-5.4199991	1.99e-02
-5.329999	2.01e-02
-5.2399998	2.02e-02
-5.1499996	2.04e-02
-5.0599995	2.06e-02
-4.9699993	2.07e-02
-4.8799992	2.09e-02
-4.789999	2.11e-02
-4.6999998	2.13e-02
-4.6099997	2.15e-02
-4.5199995	2.16e-02
-4.4299994	2.18e-02
-4.3399992	2.20e-02
-4.249999	2.22e-02
-4.1599998	2.24e-02
-4.0699997	2.26e-02
-3.9799995	2.28e-02
-3.8899994	2.30e-02
-3.7999992	2.32e-02
-3.7099991	2.34e-02
-3.6199989	2.36e-02
-3.5299988	2.39e-02
-3.4399986	2.41e-02
-3.3499985	2.43e-02
-3.2600002	2.45e-02
-3.1700001	2.48e-02
-3.0799999	2.50e-02
-2.9899998	2.52e-02
-2.8999996	2.55e-02
-2.8099995	2.57e-02
-2.7199993	2.59e-02
-2.6299992	2.62e-02
-2.539999	2.64e-02
-2.4499989	2.67e-02
-2.3599987	2.70e-02
-2.2699986	2.72e-02
-2.1799984	2.75e-02
-2.0900002	2.78e-02
-2	2.80e-02
-1.9099998	2.83e-02
-1.8199997	2.86e-02
-1.7299995	2.89e-02
-1.6399994	2.92e-02
-1.5499992	2.95e-02
-1.4599991	2.98e-02
-1.3699989	3.01e-02
-1.2799988	3.04e-02
-1.1899986	3.07e-02
-1.0999985	3.11e-02
-1.0099983	3.14e-02
-0.92000008	3.17e-02
-0.82999992	3.20e-02
-0.73999977	3.24e-02
-0.64999962	3.27e-02
-0.55999947	3.31e-02
-0.46999931	3.35e-02
-0.37999916	3.38e-02
-0.28999901	3.42e-02
-0.19999886	3.46e-02
-0.1099987	3.50e-02
-2.00e-02	3.54e-02
7.00e-02	3.58e-02
0.15999985	3.62e-02
0.25	3.66e-02
0.34000015	3.70e-02
0.43000031	3.74e-02
0.52000046	3.79e-02
0.61000061	3.83e-02
0.70000076	3.88e-02
0.79000092	3.92e-02
0.88000107	3.97e-02
0.97000122	4.02e-02
1.0600014	4.07e-02
1.1500015	4.12e-02
1.2400017	4.17e-02
1.3299999	4.22e-02
1.4200001	4.27e-02
1.5100002	4.32e-02
1.6000004	4.38e-02
1.6900005	4.43e-02
1.7800007	4.49e-02
1.8700008	4.55e-02
1.960001	4.61e-02
2.0500011	4.67e-02
2.1400013	4.73e-02
2.2300014	4.79e-02
2.3200016	4.86e-02
2.4100018	4.92e-02
2.5	4.99e-02
2.5900002	5.06e-02
2.6800003	5.13e-02
2.7700005	5.20e-02
2.8600006	5.27e-02
2.9500008	5.34e-02
3.0400009	5.42e-02
3.1300011	5.50e-02
3.2200012	5.58e-02
3.3100014	5.66e-02
3.4000015	5.74e-02
3.4900017	5.83e-02
3.5800018	5.91e-02
3.6700001	6.00e-02
3.7600002	6.09e-02
3.8500004	6.19e-02
3.9400005	6.28e-02
4.0300007	6.38e-02
4.1200008	6.48e-02
4.210001	6.58e-02
4.3000011	6.69e-02
4.3900013	6.80e-02
4.4800014	6.91e-02
4.5700016	7.02e-02
4.6600018	7.14e-02
4.7500019	7.26e-02
4.8400002	7.38e-02
4.9300003	7.51e-02
5.0200005	7.63e-02
5.1100006	7.77e-02
5.2000008	7.90e-02
5.2900009	8.05e-02
5.3800011	8.19e-02
5.4700012	8.34e-02
5.5600014	8.49e-02
5.6500015	8.65e-02
5.7400017	8.81e-02
5.8300018	8.98e-02
5.920002	9.15e-02
6.0100002	9.33e-02
6.1000004	9.52e-02
6.1900005	9.71e-02
6.2800007	9.90e-02
6.3700008	0.10102997
6.460001	0.10311903
6.5500011	0.10527888
6.6400013	0.10751283
6.7300014	0.10982463
6.8200016	0.11221824
6.9100018	0.11469793
7.0000019	0.11726804
7.0900002	0.11993354
7.1800003	0.12269974
7.2700005	0.1255721
7.3600006	0.12855659
7.4500008	0.13165981
7.5400009	0.13488892
7.6300011	0.13825115
7.7200012	0.14175493
7.8100014	0.14540909
7.9000015	0.14922333
7.9900017	0.15320807
8.0800018	0.15737521
8.170002	0.16173709
8.2600002	0.16630767
8.3500004	0.17110217
8.4400005	0.17613731
8.5300007	0.18143229
8.6200008	0.18700701
8.710001	0.19288479
8.8000011	0.19909195
8.8900013	0.20565674
8.9800014	0.21261209
9.0700016	0.21999505
9.1600018	0.22784756
9.2500019	0.23621796
9.3400021	0.24516208
9.4300003	0.25474351
9.5200005	0.26503901
9.6100006	0.27613628
9.7000008	0.28814124
9.7900009	0.30118168
9.8800011	0.31541214
9.9700012	0.33102398
10.060001	0.34825784
10.150002	0.36742191
10.240002	0.38892071
10.330002	0.41330155
10.420002	0.44133093
10.510002	0.47414137
10.6	0.5135113
10.690001	0.56253185
10.780001	0.6274572
10.870001	0.72552835
10.960001	0.98755771
11.050001	0.99602218
11.140001	0.99702512
11.230001	0.99747354
11.320002	0.99773585
11.410002	0.99790877
11.500002	0.99803191
11.590002	0.99812376
11.68	0.9981936
11.77	0.99824853
11.860001	0.99829236
11.950001	0.99832809
12.040001	0.99835716
12.130001	0.99838041
12.220001	0.99839998
12.310001	0.99841529
12.400002	0.99842761
12.490002	0.99843776
12.580002	0.99844561
12.670002	0.99845129
12.760002	0.9984558
12.850002	0.99845861
12.940002	0.9984601
13.030003	0.99846045
13.120003	0.99846006
13.210003	0.99845841
13.300003	0.99845587
13.390003	0.99845264
13.48	0.99844861
13.57	0.99844408
13.66	0.99843882
13.75	0.99843323
13.84	0.9984273
13.93	0.99842053
14.02	0.99841295
14.110001	0.99840526
14.200001	0.99839856
14.290001	0.9983885
14.380001	0.99837969
14.470001	0.99836983
14.560001	0.99836064
14.650002	0.99835072
14.740002	0.99834004
14.830002	0.99832941
14.920002	0.99831871
15.010002	0.99830676
15.100002	0.99829545
15.190002	0.99828323
15.280003	0.99827066
15.370003	0.99825812
15.460003	0.99824546
15.550003	0.99823195
15.640003	0.99821864
15.73	0.99820442
15.82	0.99819017
15.91	0.99817576
16	0.9981606
16.09	0.99814553
16.18	0.99813011
16.27	0.99811408
16.360001	0.99809789
16.450001	0.99808141
16.540001	0.99806457
16.630001	0.99804745
16.720001	0.99803008
16.810001	0.99801198
16.900002	0.99799351
16.990002	0.99797462
17.080002	0.99795586
17.170002	0.99793598
17.260002	0.9979164
17.350002	0.99789571
17.440002	0.99787464
17.530003	0.99785351
17.620003	0.997832
17.710003	0.99780943
17.800003	0.9977865
17.890003	0.99776323
17.980003	0.99773942
18.07	0.99771523
18.16	0.99769025
18.25	0.99766452
18.34	0.99763798
18.43	0.99761119
18.52	0.99758329
18.610001	0.9975553
18.700001	0.99752596
18.790001	0.99749632
18.880001	0.99746539
18.970001	0.99743369
19.060001	0.99740148
19.150002	0.99736779
19.240002	0.99733304
19.330002	0.99729772
19.420002	0.99726103
19.510002	0.99722347
19.600002	0.99718431
19.690002	0.99714425
19.780003	0.99710233
19.870003	0.99705884
19.960003	0.99701417
20.050003	0.99696821
20.140003	0.99691953
20.230003	0.9968712
20.32	0.99681754
20.41	0.99676334
20.5	0.99670703
20.59	0.99664763
20.68	0.99658593
20.77	0.9965211
20.860001	0.99645294
20.950001	0.99638158
21.040001	0.99630683
21.130001	0.99622718
21.220001	0.99614376
21.310001	0.99605511
21.400002	0.99596008
21.490002	0.99586001
21.580002	0.99575271
21.670002	0.99563757
21.760002	0.99551427
21.850002	0.99537992
21.940002	0.99523571
22.030003	0.99507767
22.120003	0.99490411
22.210003	0.9947133
22.300003	0.99450109
22.390003	0.99426343
22.480003	0.99399429
22.570004	0.99368669
22.66	0.99332905
22.75	0.99290783
22.84	0.99239997
22.93	0.99177068
23.02	0.9909613
23.110001	0.98986522
23.200001	0.98825771
23.290001	0.98554877
23.380001	0.97934693
23.470001	0.90312829
23.560001	0.7062838
23.650002	0.61586941
23.740002	0.55410594
23.830002	0.50688258
23.920002	0.4686861
24.010002	0.43671099
24.100002	0.40930747
24.190002	0.38541531
24.280003	0.3643087
24.370003	0.34546582
24.460003	0.32850025
24.550003	0.3131157
24.640003	0.29908046
24.730003	0.2862089
24.820004	0.27435102
24.910004	0.26338384
25	0.25320439
25.09	0.24372563
25.18	0.23487379
25.27	0.2265869
25.360001	0.21880981
25.450001	0.21149547
25.540001	0.20460246
25.630001	0.19809471
25.720001	0.19194046
25.810001	0.18611083
25.900002	0.18058078
25.990002	0.17532731
26.080002	0.17033047
26.170002	0.16557162
26.260002	0.16103422
26.350002	0.1567034
26.440002	0.15256528
26.530003	0.14860741
26.620003	0.14481854
26.710003	0.14118836
26.800003	0.13770715
26.890003	0.13436602
26.980003	0.13115696
27.070004	0.12807253
27.160004	0.12510581
27.25	0.12225046
27.34	0.11950033
27.43	0.11684984
27.52	0.11429399
27.610001	0.11182804
27.700001	0.1094473
27.790001	0.10714801
27.880001	0.10492563
27.970001	0.10277709
28.060001	0.10069863
28.150002	9.87e-02
28.240002	9.67e-02
28.330002	9.49e-02
28.420002	9.30e-02
28.510002	9.13e-02
28.600002	8.95e-02
28.690002	8.79e-02
28.780003	8.62e-02
28.870003	8.47e-02
28.960003	8.31e-02
29.050003	8.17e-02
29.140003	8.02e-02
29.230003	7.88e-02
29.320004	7.75e-02
29.410004	7.61e-02
29.500004	7.48e-02
29.59	7.36e-02
29.68	7.24e-02
29.77	7.12e-02
29.860001	7.00e-02
29.950001	6.89e-02
30.040001	6.78e-02
30.130001	6.67e-02
30.220001	6.57e-02
30.310001	6.46e-02
30.400002	6.36e-02
30.490002	6.27e-02
30.580002	6.17e-02
30.670002	6.08e-02
30.760002	5.99e-02
30.850002	5.90e-02
30.940002	5.81e-02
31.030003	5.73e-02
31.120003	5.64e-02
31.210003	5.56e-02
31.300003	5.48e-02
31.390003	5.41e-02
31.480003	5.33e-02
31.570004	5.26e-02
31.660004	5.18e-02
31.750004	5.11e-02
31.840004	5.04e-02
31.93	4.98e-02
32.02	4.91e-02
32.110001	4.84e-02
32.200001	4.78e-02
32.290001	4.72e-02
32.380001	4.66e-02
32.470001	4.60e-02
32.560001	4.54e-02
32.650002	4.48e-02
32.740002	4.42e-02
32.830002	4.37e-02
32.920002	4.31e-02
33.010002	4.26e-02
33.100002	4.21e-02
33.190002	4.16e-02
33.280003	4.11e-02
33.370003	4.06e-02
33.460003	4.01e-02
33.550003	3.96e-02
33.640003	3.91e-02
33.730003	3.87e-02
33.820004	3.82e-02
33.910004	3.78e-02
34.000004	3.74e-02
34.090004	3.69e-02
34.18	3.65e-02
34.27	3.61e-02
34.360001	3.57e-02
34.450001	3.53e-02
34.540001	3.49e-02
34.630001	3.45e-02
34.720001	3.41e-02
34.810001	3.38e-02
34.900002	3.34e-02
34.990002	3.30e-02
35.080002	3.27e-02
35.170002	3.23e-02
35.260002	3.20e-02
35.350002	3.16e-02
35.440002	3.13e-02
35.530003	3.10e-02
35.620003	3.07e-02
35.710003	3.04e-02
35.800003	3.00e-02
35.890003	2.97e-02
35.980003	2.94e-02
36.070004	2.91e-02
36.160004	2.88e-02
36.250004	2.86e-02
36.340004	2.83e-02
36.430004	2.80e-02
36.52	2.77e-02
36.610001	2.74e-02
36.700001	2.72e-02
36.790001	2.69e-02
36.880001	2.67e-02
36.970001	2.64e-02
37.060001	2.62e-02
37.150002	2.59e-02
37.240002	2.57e-02
37.330002	2.54e-02
37.420002	2.52e-02
37.510002	2.49e-02
37.600002	2.47e-02
37.690002	2.45e-02
37.780003	2.43e-02
37.870003	2.40e-02
37.960003	2.38e-02
38.050003	2.36e-02
38.140003	2.34e-02
38.230003	2.32e-02
38.320004	2.30e-02
38.410004	2.28e-02
38.500004	2.26e-02
38.590004	2.24e-02
38.680004	2.22e-02
38.77	2.20e-02
38.860001	2.18e-02
38.950001	2.16e-02
39.040001	2.14e-02
39.130001	2.12e-02
39.220001	2.11e-02
39.310001	2.09e-02
39.400002	2.07e-02
39.490002	2.05e-02
39.580002	2.04e-02
39.670002	2.02e-02
39.760002	2.00e-02
39.850002	1.99e-02
39.940002	1.97e-02
40.030003	1.95e-02
40.120003	1.94e-02
40.210003	1.92e-02
40.300003	1.91e-02
40.390003	1.89e-02
40.480003	1.88e-02
40.570004	1.86e-02
40.660004	1.85e-02
40.750004	1.83e-02
40.840004	1.82e-02
40.930004	1.80e-02
41.020004	1.79e-02
41.110001	1.77e-02
41.200001	1.76e-02
41.290001	1.75e-02
41.380001	1.73e-02
41.470001	1.72e-02
41.560001	1.71e-02
41.650002	1.69e-02
41.740002	1.68e-02
41.830002	1.67e-02
41.920002	1.66e-02
42.010002	1.64e-02
42.100002	1.63e-02
42.190002	1.62e-02
42.280003	1.61e-02
42.370003	1.60e-02
42.460003	1.58e-02
42.550003	1.57e-02
42.640003	1.56e-02
42.730003	1.55e-02
42.820004	1.54e-02
42.910004	1.53e-02
43.000004	1.52e-02
43.090004	1.51e-02
43.180004	1.49e-02
43.270004	1.48e-02
43.360001	1.47e-02
43.450001	1.46e-02
43.540001	1.45e-02
43.630001	1.44e-02
43.720001	1.43e-02
43.810001	1.42e-02
43.900002	1.41e-02
43.990002	1.40e-02
44.080002	1.39e-02
44.170006	1.38e-02
44.260002	1.37e-02
44.350006	1.36e-02
44.440002	1.36e-02
44.529999	1.35e-02
44.620003	1.34e-02
44.709999	1.33e-02
44.800003	1.32e-02
44.889999	1.31e-02
44.980003	1.30e-02
45.07	1.29e-02
45.160004	1.28e-02
45.25	1.28e-02
45.340004	1.27e-02
45.43	1.26e-02
45.520004	1.25e-02
45.610001	1.24e-02
45.700005	1.24e-02
45.790001	1.23e-02
45.880005	1.22e-02
45.970001	1.21e-02
46.060005	1.20e-02
46.150002	1.20e-02
46.240005	1.19e-02
46.330002	1.18e-02
46.420006	1.17e-02
46.510002	1.17e-02
46.600006	1.16e-02
46.690002	1.15e-02
46.780006	1.14e-02
46.870003	1.14e-02
46.959999	1.13e-02
47.050003	1.12e-02
47.139999	1.12e-02
47.230003	1.11e-02
47.32	1.10e-02
47.410004	1.10e-02
47.5	1.09e-02
47.590004	1.08e-02
47.68	1.08e-02
47.770004	1.07e-02
47.860001	1.06e-02
47.950005	1.06e-02
48.040001	1.05e-02
48.130005	1.04e-02
48.220001	1.04e-02
48.310005	1.03e-02
48.400002	1.03e-02
48.490005	1.02e-02
48.580002	1.01e-02
48.670006	1.01e-02
48.760002	1.00e-02
48.850006	9.97e-03
48.940002	9.91e-03
49.030006	9.86e-03
49.120003	9.80e-03
49.209999	9.74e-03
49.300003	9.69e-03
49.389999	9.63e-03
49.480003	9.58e-03
49.57	9.52e-03
49.660004	9.47e-03
49.75	9.42e-03
49.840004	9.36e-03
49.93	9.31e-03
50.020004	9.26e-03
50.110001	9.21e-03
50.200005	9.16e-03
50.290001	9.11e-03
50.380005	9.06e-03
50.470001	9.01e-03
50.560005	8.96e-03
50.650002	8.91e-03
50.740005	8.86e-03
50.830002	8.81e-03
50.920006	8.76e-03
51.010002	8.71e-03
51.100006	8.67e-03
51.190002	8.62e-03
51.280006	8.57e-03
51.370003	8.53e-03
51.459999	8.48e-03
51.550003	8.44e-03
51.639999	8.39e-03
51.730003	8.35e-03
51.82	8.30e-03
51.910004	8.26e-03
52	8.22e-03
52.090004	8.17e-03
52.18	8.13e-03
52.270004	8.09e-03
52.360001	8.05e-03
52.450005	8.01e-03
52.540001	7.96e-03
52.630005	7.92e-03
52.720001	7.88e-03
52.810005	7.84e-03
52.900002	7.80e-03
52.990005	7.76e-03
53.080002	7.72e-03
53.170006	7.68e-03
53.260002	7.64e-03
53.350006	7.61e-03
53.440002	7.57e-03
53.530006	7.53e-03
53.620003	7.49e-03
53.710007	7.45e-03
53.800003	7.42e-03
53.889999	7.38e-03
53.980003	7.34e-03
54.07	7.31e-03
54.160004	7.27e-03
54.25	7.24e-03
54.340004	7.20e-03
54.43	7.16e-03
54.520004	7.13e-03
54.610001	7.09e-03
54.700005	7.06e-03
54.790001	7.03e-03
54.880005	6.99e-03
54.970001	6.96e-03
55.060005	6.92e-03
55.150002	6.89e-03
55.240005	6.86e-03
55.330002	6.83e-03
55.420006	6.79e-03
55.510002	6.76e-03
55.600006	6.73e-03
55.690002	6.70e-03
55.780006	6.67e-03
55.870003	6.63e-03
55.960007	6.60e-03
56.050003	6.57e-03
56.139999	6.54e-03
56.230003	6.51e-03
56.32	6.48e-03
56.410004	6.45e-03
56.5	6.42e-03
56.590004	6.39e-03
56.68	6.36e-03
56.770004	6.33e-03
56.860001	6.30e-03
56.950005	6.27e-03
57.040001	6.24e-03
57.130005	6.22e-03
57.220001	6.19e-03
57.310005	6.16e-03
57.400002	6.13e-03
57.490005	6.10e-03
57.580002	6.08e-03
57.670006	6.05e-03
57.760002	6.02e-03
57.850006	6.00e-03
57.940002	5.97e-03
58.030006	5.94e-03
58.120003	5.92e-03
58.210007	5.89e-03
58.300003	5.86e-03
58.389999	5.84e-03
58.480003	5.81e-03
58.57	5.79e-03
58.660004	5.76e-03
58.75	5.74e-03
58.840004	5.71e-03
58.93	5.69e-03
59.020004	5.66e-03
59.110001	5.64e-03
59.200005	5.61e-03
59.290001	5.59e-03
59.380005	5.56e-03
59.470001	5.54e-03
59.560005	5.52e-03
59.650002	5.49e-03
59.740005	5.47e-03
59.830002	5.45e-03
59.920006	5.42e-03
60.010002	5.40e-03
60.100006	5.38e-03
60.190002	5.35e-03
60.280006	5.33e-03
60.370003	5.31e-03
60.460007	5.29e-03
60.550003	5.26e-03
60.639999	5.24e-03
60.730003	5.22e-03
60.82	5.20e-03
60.910004	5.18e-03
61	5.16e-03
61.090004	5.13e-03
61.18	5.11e-03
61.270004	5.09e-03
61.360001	5.07e-03
61.450005	5.05e-03
61.540001	5.03e-03
61.630005	5.01e-03
61.720001	4.99e-03
61.810005	4.97e-03
61.900002	4.95e-03
61.990005	4.93e-03
62.080002	4.91e-03
62.170006	4.89e-03
62.260002	4.87e-03
62.350006	4.85e-03
62.440002	4.83e-03
62.530006	4.81e-03
62.620003	4.79e-03
62.710007	4.77e-03
62.800003	4.75e-03
62.890007	4.73e-03
62.980003	4.71e-03
63.07	4.70e-03
63.160004	4.68e-03
63.25	4.66e-03
63.340004	4.64e-03
63.43	4.62e-03
63.520004	4.60e-03
63.610001	4.59e-03
63.700005	4.57e-03
63.790001	4.55e-03
63.880005	4.53e-03
63.970001	4.52e-03
64.060005	4.50e-03
64.150002	4.48e-03
64.240005	4.46e-03
64.330002	4.45e-03
64.420006	4.43e-03
64.510002	4.41e-03
64.600006	4.39e-03
64.690002	4.38e-03
64.780006	4.36e-03
64.870003	4.34e-03
64.960007	4.33e-03
65.050003	4.31e-03
65.140007	4.30e-03
65.230003	4.28e-03
65.32	4.26e-03
65.410004	4.25e-03
65.5	4.23e-03
65.590004	4.22e-03
65.68	4.20e-03
65.770004	4.18e-03
65.860001	4.17e-03
65.950005	4.15e-03
66.040001	4.14e-03
66.130005	4.12e-03
66.220001	4.11e-03
66.310005	4.09e-03
66.400002	4.08e-03
66.490005	4.06e-03
66.580002	4.05e-03
66.670006	4.03e-03
66.760002	4.02e-03
66.850006	4.00e-03
66.940002	3.99e-03
67.030006	3.97e-03
67.120003	3.96e-03
67.210007	3.94e-03
67.300003	3.93e-03
67.390007	3.92e-03
67.480003	3.90e-03
67.57	3.89e-03
67.660004	3.87e-03
67.75	3.86e-03
67.840004	3.85e-03
67.93	3.83e-03
68.020004	3.82e-03
68.110001	3.81e-03
68.200005	3.79e-03
68.290001	3.78e-03
68.380005	3.76e-03
68.470001	3.75e-03
68.560005	3.74e-03
68.650002	3.72e-03
68.740005	3.71e-03
68.830002	3.70e-03
68.920006	3.69e-03
69.010002	3.67e-03
69.100006	3.66e-03
69.190002	3.65e-03
69.280006	3.63e-03
69.370003	3.62e-03
69.460007	3.61e-03
69.550003	3.60e-03
69.640007	3.58e-03
69.730003	3.57e-03
69.820007	3.56e-03
69.910004	3.55e-03
70.	3.54e-03

