-20	1.59e-03
-19.775	1.62e-03
-19.549999	1.65e-03
-19.325001	1.68e-03
-19.1	1.72e-03
-18.875	1.75e-03
-18.65	1.79e-03
-18.424999	1.83e-03
-18.200001	1.86e-03
-17.975	1.90e-03
-17.75	1.94e-03
-17.525	1.99e-03
-17.299999	2.03e-03
-17.075001	2.07e-03
-16.85	2.12e-03
-16.625	2.17e-03
-16.4	2.22e-03
-16.174999	2.27e-03
-15.950001	2.32e-03
-15.725	2.37e-03
-15.5	2.43e-03
-15.275	2.49e-03
-15.05	2.55e-03
-14.825001	2.61e-03
-14.6	2.68e-03
-14.375	2.75e-03
-14.15	2.82e-03
-13.925	2.89e-03
-13.700001	2.97e-03
-13.475	3.05e-03
-13.25	3.13e-03
-13.025	3.22e-03
-12.8	3.31e-03
-12.575001	3.40e-03
-12.35	3.50e-03
-12.125	3.60e-03
-11.900001	3.70e-03
-11.675	3.82e-03
-11.45	3.93e-03
-11.225	4.05e-03
-11	4.18e-03
-10.775001	4.31e-03
-10.55	4.45e-03
-10.325	4.60e-03
-10.1	4.76e-03
-9.875	4.92e-03
-9.6500006	5.09e-03
-9.4250002	5.27e-03
-9.2000008	5.46e-03
-8.9750004	5.66e-03
-8.75	5.87e-03
-8.5250006	6.09e-03
-8.3000002	6.33e-03
-8.0750008	6.58e-03
-7.8500004	6.84e-03
-7.625	7.13e-03
-7.4000006	7.43e-03
-7.1750002	7.75e-03
-6.9500008	8.09e-03
-6.7250004	8.45e-03
-6.5	8.84e-03
-6.2750006	9.26e-03
-6.0500002	9.70e-03
-5.8250008	1.02e-02
-5.6000004	1.07e-02
-5.375	1.13e-02
-5.1500006	1.19e-02
-4.9250002	1.25e-02
-4.7000008	1.32e-02
-4.4750004	1.40e-02
-4.25	1.48e-02
-4.0250006	1.58e-02
-3.8000011	1.68e-02
-3.5750008	1.79e-02
-3.3500004	1.91e-02
-3.125	2.05e-02
-2.8999996	2.20e-02
-2.6750011	2.37e-02
-2.4500008	2.56e-02
-2.2250004	2.78e-02
-2	3.02e-02
-1.7749996	3.30e-02
-1.5500011	3.62e-02
-1.3250008	3.99e-02
-1.1000004	4.42e-02
-0.875	4.93e-02
-0.64999962	5.53e-02
-0.42500114	6.26e-02
-0.20000076	7.15e-02
2.50e-02	8.26e-02
0.25	9.67e-02
0.47500038	0.11511608
0.69999886	0.14003626
0.92499924	0.17543904
1.1499996	0.22959053
1.375	0.32401007
1.5999985	0.55738235
1.8249989	0.97255665
2.0499992	0.97842598
2.2749996	0.97929549
2.5	0.97897184
2.7249985	0.97810578
2.9499989	0.97688841
3.1749992	0.97537644
3.3999996	0.97356671
3.625	0.97141541
3.8499985	0.96883616
4.0749989	0.96568136
4.2999992	0.96169779
4.5249996	0.95642081
4.75	0.94888818
4.9749985	0.93665666
5.1999989	0.91046094
5.4249992	0.74032051
5.6499996	0.37849955
5.875	0.25692169
6.0999985	0.19215343
6.3249989	0.15132179
6.5499992	0.12321718
6.7749996	0.10276377
7	8.73e-02
7.2249985	7.52e-02
7.4499989	6.56e-02
7.6749992	5.78e-02
7.8999996	5.13e-02
8.125	4.59e-02
8.3499985	4.13e-02
8.5749989	3.74e-02
8.7999992	3.41e-02
9.0249996	3.11e-02
9.25	2.86e-02
9.4749985	2.63e-02
9.6999989	2.44e-02
9.9249992	2.26e-02
10.15	2.10e-02
10.375	1.96e-02
10.599998	1.83e-02
10.824999	1.72e-02
11.049999	1.61e-02
11.275	1.52e-02
11.5	1.43e-02
11.724998	1.35e-02
11.949999	1.28e-02
12.174999	1.21e-02
12.399998	1.15e-02
12.625	1.09e-02
12.849998	1.04e-02
13.075001	9.86e-03
13.299999	9.40e-03
13.524998	8.98e-03
13.75	8.58e-03
13.974998	8.21e-03
14.200001	7.86e-03
14.424999	7.53e-03
14.649998	7.22e-03
14.875	6.93e-03
15.099998	6.66e-03
15.325001	6.41e-03
15.549999	6.17e-03
15.774998	5.94e-03
16	5.72e-03
16.224998	5.52e-03
16.450001	5.33e-03
16.674999	5.14e-03
16.899998	4.97e-03
17.125	4.80e-03
17.349998	4.65e-03
17.575001	4.50e-03
17.799999	4.36e-03
18.024998	4.22e-03
18.25	4.09e-03
18.474998	3.97e-03
18.700001	3.85e-03
18.924999	3.74e-03
19.149998	3.63e-03
19.375	3.53e-03
19.599998	3.43e-03
19.825001	3.33e-03
20.049999	3.24e-03
20.274998	3.15e-03
20.5	3.07e-03
20.724998	2.99e-03
20.950001	2.91e-03
21.174999	2.84e-03
21.399998	2.77e-03
21.625	2.70e-03
21.849998	2.63e-03
22.075001	2.57e-03
22.299999	2.51e-03
22.524998	2.45e-03
22.75	2.39e-03
22.974998	2.33e-03
23.199997	2.28e-03
23.424999	2.23e-03
23.649998	2.18e-03
23.875	2.13e-03
24.099998	2.08e-03
24.324997	2.04e-03
24.549999	2.00e-03
24.774998	1.95e-03
25	1.91e-03
25.224998	1.87e-03
25.449997	1.83e-03
25.674999	1.80e-03
25.899998	1.76e-03
26.125	1.73e-03
26.349998	1.69e-03
26.574997	1.66e-03
26.799999	1.63e-03
27.024998	1.59e-03
27.25	1.56e-03
27.474998	1.54e-03
27.699997	1.51e-03
27.924999	1.48e-03
28.149998	1.45e-03
28.375	1.43e-03
28.599998	1.40e-03
28.824997	1.38e-03
29.049999	1.35e-03
29.274998	1.33e-03
29.5	1.30e-03
29.724998	1.28e-03
29.949997	1.26e-03
30.174999	1.24e-03
30.399998	1.22e-03
30.625	1.20e-03
30.849998	1.18e-03
31.074997	1.16e-03
31.299999	1.14e-03
31.524998	1.12e-03
31.75	1.10e-03
31.974998	1.09e-03
32.199997	1.07e-03
32.424999	1.05e-03
32.649998	1.04e-03
32.875	1.02e-03
33.099998	1.00e-03
33.324997	9.90e-04
33.549999	9.75e-04
33.774998	9.60e-04
34	9.46e-04
34.224998	9.32e-04
34.449997	9.19e-04
34.674999	9.05e-04
34.899998	8.93e-04
35.125	8.80e-04
35.349998	8.67e-04
35.574997	8.55e-04
35.799999	8.43e-04
36.024998	8.32e-04
36.25	8.20e-04
36.474998	8.09e-04
36.699997	7.98e-04
36.924999	7.87e-04
37.149998	7.77e-04
37.375	7.66e-04
37.599998	7.56e-04
37.824997	7.46e-04
38.049999	7.37e-04
38.274998	7.27e-04
38.5	7.18e-04
38.724998	7.08e-04
38.949997	6.99e-04
39.174999	6.91e-04
39.399998	6.82e-04
39.625	6.73e-04
39.849998	6.65e-04
40.074997	6.57e-04
40.299999	6.49e-04
40.524998	6.41e-04
40.75	6.33e-04
40.974998	6.26e-04
41.199997	6.18e-04
41.424999	6.11e-04
41.649998	6.04e-04
41.875	5.97e-04
42.099998	5.90e-04
42.324997	5.83e-04
42.549999	5.76e-04
42.774998	5.69e-04
43	5.63e-04
43.224998	5.57e-04
43.449997	5.50e-04
43.674999	5.44e-04
43.899998	5.38e-04
44.125	5.32e-04
44.349998	5.26e-04
44.574997	5.20e-04
44.799995	5.15e-04
45.025002	5.09e-04
45.25	5.04e-04
45.474998	4.98e-04
45.699997	4.93e-04
45.924995	4.88e-04
46.150002	4.83e-04
46.375	4.77e-04
46.599998	4.72e-04
46.824997	4.68e-04
47.049995	4.63e-04
47.275002	4.58e-04
47.5	4.53e-04
47.724998	4.49e-04
47.949997	4.44e-04
48.174995	4.40e-04
48.400002	4.35e-04
48.625	4.31e-04
48.849998	4.27e-04
49.074997	4.22e-04
49.299995	4.18e-04
49.525002	4.14e-04
49.75	4.10e-04
49.974998	4.06e-04
50.199997	4.02e-04
50.424995	3.98e-04
50.650002	3.95e-04
50.875	3.91e-04
51.099998	3.87e-04
51.324997	3.83e-04
51.549995	3.80e-04
51.775002	3.76e-04
52	3.73e-04
52.224998	3.69e-04
52.449997	3.66e-04
52.674995	3.63e-04
52.900002	3.59e-04
53.125	3.56e-04
53.349998	3.53e-04
53.574997	3.50e-04
53.799995	3.47e-04
54.025002	3.43e-04
54.25	3.40e-04
54.474998	3.37e-04
54.699997	3.34e-04
54.924995	3.31e-04
55.150002	3.29e-04
55.375	3.26e-04
55.599998	3.23e-04
55.824997	3.20e-04
56.049995	3.17e-04
56.275002	3.15e-04
56.5	3.12e-04
56.724998	3.09e-04
56.949997	3.07e-04
57.174995	3.04e-04
57.400002	3.02e-04
57.625	2.99e-04
57.849998	2.97e-04
58.074997	2.94e-04
58.299995	2.92e-04
58.525002	2.89e-04
58.75	2.87e-04
58.974998	2.85e-04
59.199997	2.82e-04
59.424995	2.80e-04
59.650002	2.78e-04
59.875	2.76e-04
60.099998	2.73e-04
60.324997	2.71e-04
60.549995	2.69e-04
60.775002	2.67e-04
61	2.65e-04
61.224998	2.63e-04
61.449997	2.61e-04
61.674995	2.59e-04
61.900002	2.57e-04
62.125	2.55e-04
62.349998	2.53e-04
62.574997	2.51e-04
62.799995	2.49e-04
63.025002	2.47e-04
63.25	2.45e-04
63.474998	2.43e-04
63.699997	2.42e-04
63.924995	2.40e-04
64.150002	2.38e-04
64.375	2.36e-04
64.599998	2.35e-04
64.824997	2.33e-04
65.049995	2.31e-04
65.275002	2.29e-04
65.5	2.28e-04
65.724998	2.26e-04
65.949997	2.24e-04
66.174995	2.23e-04
66.399994	2.21e-04
66.625	2.20e-04
66.849998	2.18e-04
67.074997	2.17e-04
67.299995	2.15e-04
67.524994	2.14e-04
67.75	2.12e-04
67.974998	2.11e-04
68.199997	2.09e-04
68.424995	2.08e-04
68.649994	2.06e-04
68.875	2.05e-04
69.099998	2.03e-04
69.324997	2.02e-04
69.549995	2.01e-04
69.774994	1.99e-04
70	1.98e-04

