4.13e-03
4.15e-03
4.18e-03
4.20e-03
4.23e-03
4.25e-03
4.28e-03
4.30e-03
4.33e-03
4.35e-03
4.38e-03
4.41e-03
4.43e-03
4.46e-03
4.49e-03
4.52e-03
4.54e-03
4.57e-03
4.60e-03
4.63e-03
4.66e-03
4.69e-03
4.72e-03
4.75e-03
4.78e-03
4.81e-03
4.84e-03
4.87e-03
4.90e-03
4.93e-03
4.96e-03
5.00e-03
5.03e-03
5.06e-03
5.10e-03
5.13e-03
5.16e-03
5.20e-03
5.23e-03
5.27e-03
5.30e-03
5.34e-03
5.37e-03
5.41e-03
5.45e-03
5.48e-03
5.52e-03
5.56e-03
5.60e-03
5.63e-03
5.67e-03
5.71e-03
5.75e-03
5.79e-03
5.83e-03
5.87e-03
5.92e-03
5.96e-03
6.00e-03
6.04e-03
6.09e-03
6.13e-03
6.17e-03
6.22e-03
6.26e-03
6.31e-03
6.36e-03
6.40e-03
6.45e-03
6.50e-03
6.55e-03
6.60e-03
6.64e-03
6.69e-03
6.75e-03
6.80e-03
6.85e-03
6.90e-03
6.95e-03
7.01e-03
7.06e-03
7.12e-03
7.17e-03
7.23e-03
7.28e-03
7.34e-03
7.40e-03
7.46e-03
7.52e-03
7.58e-03
7.64e-03
7.70e-03
7.76e-03
7.83e-03
7.89e-03
7.96e-03
8.02e-03
8.09e-03
8.15e-03
8.22e-03
8.29e-03
8.36e-03
8.43e-03
8.50e-03
8.58e-03
8.65e-03
8.72e-03
8.80e-03
8.88e-03
8.95e-03
9.03e-03
9.11e-03
9.19e-03
9.27e-03
9.36e-03
9.44e-03
9.53e-03
9.61e-03
9.70e-03
9.79e-03
9.88e-03
9.97e-03
1.01e-02
1.02e-02
1.02e-02
1.03e-02
1.04e-02
1.05e-02
1.06e-02
1.07e-02
1.08e-02
1.10e-02
1.11e-02
1.12e-02
1.13e-02
1.14e-02
1.15e-02
1.16e-02
1.17e-02
1.18e-02
1.20e-02
1.21e-02
1.22e-02
1.23e-02
1.25e-02
1.26e-02
1.27e-02
1.29e-02
1.30e-02
1.31e-02
1.33e-02
1.34e-02
1.36e-02
1.37e-02
1.39e-02
1.40e-02
1.42e-02
1.43e-02
1.45e-02
1.46e-02
1.48e-02
1.50e-02
1.52e-02
1.53e-02
1.55e-02
1.57e-02
1.59e-02
1.61e-02
1.62e-02
1.64e-02
1.66e-02
1.68e-02
1.70e-02
1.72e-02
1.75e-02
1.77e-02
1.79e-02
1.81e-02
1.83e-02
1.86e-02
1.88e-02
1.91e-02
1.93e-02
1.96e-02
1.98e-02
2.01e-02
2.03e-02
2.06e-02
2.09e-02
2.12e-02
2.15e-02
2.18e-02
2.21e-02
2.24e-02
2.27e-02
2.30e-02
2.33e-02
2.37e-02
2.40e-02
2.44e-02
2.47e-02
2.51e-02
2.55e-02
2.59e-02
2.63e-02
2.67e-02
2.71e-02
2.75e-02
2.79e-02
2.84e-02
2.88e-02
2.93e-02
2.98e-02
3.03e-02
3.08e-02
3.13e-02
3.18e-02
3.23e-02
3.29e-02
3.35e-02
3.41e-02
3.47e-02
3.53e-02
3.59e-02
3.66e-02
3.72e-02
3.79e-02
3.86e-02
3.94e-02
4.01e-02
4.09e-02
4.17e-02
4.25e-02
4.34e-02
4.42e-02
4.51e-02
4.61e-02
4.70e-02
4.80e-02
4.90e-02
5.01e-02
5.12e-02
5.23e-02
5.35e-02
5.47e-02
5.60e-02
5.73e-02
5.86e-02
6.00e-02
6.15e-02
6.30e-02
6.45e-02
6.62e-02
6.79e-02
6.96e-02
7.15e-02
7.34e-02
7.54e-02
7.75e-02
7.96e-02
8.19e-02
8.43e-02
8.68e-02
8.94e-02
9.22e-02
9.50e-02
9.81e-02
1.01e-01
1.05e-01
1.08e-01
1.12e-01
1.16e-01
1.20e-01
1.24e-01
1.29e-01
1.34e-01
1.40e-01
1.45e-01
1.51e-01
1.58e-01
1.65e-01
1.73e-01
1.81e-01
1.90e-01
1.99e-01
2.10e-01
2.22e-01
2.35e-01
2.49e-01
2.65e-01
2.83e-01
3.03e-01
3.27e-01
3.54e-01
3.87e-01
4.26e-01
4.77e-01
5.44e-01
6.47e-01
9.12e-01
9.99e-01
9.99e-01
9.99e-01
9.99e-01
0.99930015
0.99933444
0.99935918
0.99937705
0.99939004
0.99939967
0.99940691
0.99941155
0.99941482
0.99941652
0.99941726
0.99941733
0.99941592
0.99941456
0.99941186
0.99940926
0.99940552
0.99940179
0.9993986
0.99939233
0.99938722
0.99938185
0.99937575
0.99936974
0.99936344
0.99935645
0.99934924
0.99934174
0.99933413
0.99932606
0.99931799
0.99930952
0.99930029
0.99929137
0.99928215
0.99927178
0.99926141
0.99925116
0.9992403
0.99922885
0.99921696
0.99920491
0.99919226
0.99917928
0.99916561
0.99915164
0.99913718
0.99912192
0.99910614
0.99908973
0.99907225
0.99905427
0.99903546
0.99901603
0.99899535
0.99897361
0.99895041
0.99892661
0.99890138
0.99887426
0.99884733
0.99881514
0.99878256
0.99874766
0.9987102
0.99866958
0.99862597
0.99857775
0.99852507
0.99846743
0.99840314
0.99833058
0.99824924
0.99815558
0.99804684
0.99791837
0.99776226
0.99756847
0.9973181
0.9969747
0.99646151
0.99556773
0.99329993
0.81979238
0.62511079
0.53096833
0.46709699
0.41896469
0.38064258
0.34905783
0.32239145
0.29947366
0.27950358
0.26190862
0.24626302
0.23224475
0.21960233
0.20813583
0.19768454
0.18811679
0.17932339
0.1712136
0.16371022
0.15674804
0.15027092
0.14423033
0.13858441
0.13329621
0.12833355
0.12366811
0.11927468
0.11513082
0.11121674
0.10751432
0.10400759
0.10068215
9.75e-02
9.45e-02
9.17e-02
8.89e-02
8.64e-02
8.39e-02
8.15e-02
7.93e-02
7.71e-02
7.50e-02
7.30e-02
7.11e-02
6.93e-02
6.76e-02
6.59e-02
6.43e-02
6.27e-02
6.12e-02
5.98e-02
5.84e-02
5.70e-02
5.57e-02
5.45e-02
5.33e-02
5.21e-02
5.10e-02
4.99e-02
4.88e-02
4.78e-02
4.68e-02
4.59e-02
4.50e-02
4.41e-02
4.32e-02
4.24e-02
4.15e-02
4.07e-02
4.00e-02
3.92e-02
3.85e-02
3.78e-02
3.71e-02
3.64e-02
3.58e-02
3.52e-02
3.45e-02
3.39e-02
3.34e-02
3.28e-02
3.22e-02
3.17e-02
3.12e-02
3.07e-02
3.02e-02
2.97e-02
2.92e-02
2.87e-02
2.83e-02
2.79e-02
2.74e-02
2.70e-02
2.66e-02
2.62e-02
2.58e-02
2.54e-02
2.50e-02
2.47e-02
2.43e-02
2.40e-02
2.36e-02
2.33e-02
2.30e-02
2.26e-02
2.23e-02
2.20e-02
2.17e-02
2.14e-02
2.11e-02
2.08e-02
2.06e-02
2.03e-02
2.00e-02
1.98e-02
1.95e-02
1.93e-02
1.90e-02
1.88e-02
1.85e-02
1.83e-02
1.81e-02
1.79e-02
1.76e-02
1.74e-02
1.72e-02
1.70e-02
1.68e-02
1.66e-02
1.64e-02
1.62e-02
1.60e-02
1.58e-02
1.56e-02
1.55e-02
1.53e-02
1.51e-02
1.49e-02
1.48e-02
1.46e-02
1.45e-02
1.43e-02
1.41e-02
1.40e-02
1.38e-02
1.37e-02
1.35e-02
1.34e-02
1.32e-02
1.31e-02
1.30e-02
1.28e-02
1.27e-02
1.26e-02
1.24e-02
1.23e-02
1.22e-02
1.21e-02
1.19e-02
1.18e-02
1.17e-02
1.16e-02
1.15e-02
1.14e-02
1.13e-02
1.11e-02
1.10e-02
1.09e-02
1.08e-02
1.07e-02
1.06e-02
1.05e-02
1.04e-02
1.03e-02
1.02e-02
1.01e-02
1.00e-02
9.95e-03
9.86e-03
9.77e-03
9.68e-03
9.59e-03
9.51e-03
9.42e-03
9.34e-03
9.25e-03
9.17e-03
9.09e-03
9.01e-03
8.94e-03
8.86e-03
8.78e-03
8.71e-03
8.63e-03
8.56e-03
8.49e-03
8.42e-03
8.34e-03
8.27e-03
8.21e-03
8.14e-03
8.07e-03
8.00e-03
7.94e-03
7.87e-03
7.81e-03
7.75e-03
7.69e-03
7.62e-03
7.56e-03
7.50e-03
7.44e-03
7.38e-03
7.33e-03
7.27e-03
7.21e-03
7.16e-03
7.10e-03
7.05e-03
6.99e-03
6.94e-03
6.89e-03
6.83e-03
6.78e-03
6.73e-03
6.68e-03
6.63e-03
6.58e-03
6.53e-03
6.49e-03
6.44e-03
6.39e-03
6.34e-03
6.30e-03
6.25e-03
6.21e-03
6.16e-03
6.12e-03
6.07e-03
6.03e-03
5.99e-03
5.95e-03
5.90e-03
5.86e-03
5.82e-03
5.78e-03
5.74e-03
5.70e-03
5.66e-03
5.62e-03
5.59e-03
5.55e-03
5.51e-03
5.47e-03
5.44e-03
5.40e-03
5.36e-03
5.33e-03
5.29e-03
5.26e-03
5.22e-03
5.19e-03
5.15e-03
5.12e-03
5.09e-03
5.05e-03
5.02e-03
4.99e-03
4.96e-03
4.92e-03
4.89e-03
4.86e-03
4.83e-03
4.80e-03
4.77e-03
4.74e-03
4.71e-03
4.68e-03
4.65e-03
4.62e-03
4.59e-03
4.56e-03
4.54e-03
4.51e-03
4.48e-03
4.45e-03
4.43e-03
4.40e-03
4.37e-03
4.35e-03
4.32e-03
4.29e-03
4.27e-03
4.24e-03
4.22e-03
4.19e-03
4.17e-03
4.14e-03
4.12e-03
4.10e-03
4.07e-03
4.05e-03
4.02e-03
4.00e-03
3.98e-03
3.95e-03
3.93e-03
3.91e-03
3.89e-03
3.87e-03
3.84e-03
3.82e-03
3.80e-03
3.78e-03
3.76e-03
3.74e-03
3.72e-03
3.70e-03
3.67e-03
3.65e-03
3.63e-03
3.61e-03
3.59e-03
3.57e-03
3.56e-03
3.54e-03
3.52e-03
3.50e-03
3.48e-03
3.46e-03
3.44e-03
3.42e-03
3.40e-03
3.39e-03
3.37e-03
3.35e-03
3.33e-03
3.32e-03
3.30e-03
3.28e-03
3.26e-03
3.25e-03
3.23e-03
3.21e-03
3.20e-03
3.18e-03
3.16e-03
3.15e-03
3.13e-03
3.12e-03
3.10e-03
3.08e-03
3.07e-03
3.05e-03
3.04e-03
3.02e-03
3.01e-03
2.99e-03
2.98e-03
2.96e-03
2.95e-03
2.93e-03
2.92e-03
2.90e-03
2.89e-03
2.88e-03
2.86e-03
2.85e-03
2.83e-03
2.82e-03
2.81e-03
2.79e-03
2.78e-03
2.77e-03
2.75e-03
2.74e-03
2.73e-03
2.71e-03
2.70e-03
2.69e-03
2.68e-03
2.66e-03
2.65e-03
2.64e-03
2.63e-03
2.61e-03
2.60e-03
2.59e-03
2.58e-03
2.56e-03
2.55e-03
2.54e-03
2.53e-03
2.52e-03
2.51e-03
2.50e-03
2.48e-03
2.47e-03
2.46e-03
2.45e-03
2.44e-03
2.43e-03
2.42e-03
2.41e-03
2.40e-03
2.38e-03
2.37e-03
2.36e-03
2.35e-03
2.34e-03
2.33e-03
2.32e-03
2.31e-03
2.30e-03
2.29e-03
2.28e-03
2.27e-03
2.26e-03
2.25e-03
2.24e-03
2.23e-03
2.22e-03
2.21e-03
2.20e-03
2.19e-03
2.19e-03
2.18e-03
2.17e-03
2.16e-03
2.15e-03
2.14e-03
2.13e-03
2.12e-03
2.11e-03
2.10e-03
2.09e-03
2.09e-03
2.08e-03
2.07e-03
2.06e-03
2.05e-03
2.04e-03
2.03e-03
2.03e-03
2.02e-03
2.01e-03
2.00e-03
1.99e-03
1.99e-03
1.98e-03
1.97e-03
1.96e-03
1.95e-03
1.95e-03
1.94e-03
1.93e-03
1.92e-03
1.91e-03
1.91e-03
1.90e-03
1.89e-03
1.88e-03
1.88e-03
1.87e-03
1.86e-03
1.85e-03
1.85e-03
1.84e-03
1.83e-03
1.83e-03
1.82e-03
1.81e-03
1.80e-03
1.80e-03
1.79e-03
1.78e-03
1.78e-03
1.77e-03
1.76e-03
1.76e-03
1.75e-03
1.74e-03
1.74e-03
1.73e-03
1.72e-03
1.72e-03
1.71e-03
1.70e-03
1.70e-03
1.69e-03
1.68e-03
1.68e-03
1.67e-03
1.67e-03
1.66e-03
1.65e-03
1.65e-03
1.64e-03
1.64e-03
1.63e-03
1.62e-03
1.62e-03
1.61e-03
1.61e-03
1.60e-03
1.59e-03
1.59e-03
1.58e-03
1.58e-03
1.57e-03
1.57e-03
1.56e-03
1.55e-03
1.55e-03
1.54e-03
1.54e-03
1.53e-03
1.53e-03
1.52e-03
1.52e-03
1.51e-03
1.50e-03
1.50e-03
1.49e-03
1.49e-03
1.48e-03
1.48e-03
1.47e-03
1.47e-03
1.46e-03
1.46e-03
1.45e-03
1.45e-03
1.44e-03
1.44e-03
1.43e-03
1.43e-03
1.42e-03
1.42e-03
1.41e-03
1.41e-03
1.40e-03
1.40e-03
1.39e-03
1.39e-03
1.38e-03
1.38e-03
1.38e-03
1.37e-03
1.37e-03
1.36e-03
1.36e-03
1.35e-03
1.35e-03
1.34e-03
1.34e-03
1.33e-03
1.33e-03
1.33e-03
1.32e-03
1.32e-03
1.31e-03
1.31e-03
1.30e-03
1.30e-03
1.29e-03
1.29e-03
1.29e-03
1.28e-03
1.28e-03
1.27e-03
1.27e-03
1.27e-03
1.26e-03
1.26e-03
1.25e-03
1.25e-03
1.25e-03
1.24e-03
1.24e-03
1.23e-03
1.23e-03
1.23e-03
1.22e-03
1.22e-03
1.21e-03
1.21e-03
1.21e-03
1.20e-03
1.20e-03
1.19e-03
1.19e-03
1.19e-03
1.18e-03
1.18e-03
1.18e-03
1.17e-03
1.17e-03
1.17e-03
1.16e-03
1.16e-03
1.15e-03
1.15e-03
1.15e-03
1.14e-03
1.14e-03
1.14e-03
1.13e-03
1.13e-03
1.13e-03
1.12e-03
1.12e-03
1.12e-03

