2.46e-03
2.48e-03
2.50e-03
2.51e-03
2.53e-03
2.55e-03
2.56e-03
2.58e-03
2.60e-03
2.62e-03
2.63e-03
2.65e-03
2.67e-03
2.69e-03
2.71e-03
2.73e-03
2.74e-03
2.76e-03
2.78e-03
2.80e-03
2.82e-03
2.84e-03
2.86e-03
2.88e-03
2.90e-03
2.92e-03
2.95e-03
2.97e-03
2.99e-03
3.01e-03
3.03e-03
3.05e-03
3.08e-03
3.10e-03
3.12e-03
3.15e-03
3.17e-03
3.19e-03
3.22e-03
3.24e-03
3.27e-03
3.29e-03
3.32e-03
3.34e-03
3.37e-03
3.39e-03
3.42e-03
3.45e-03
3.47e-03
3.50e-03
3.53e-03
3.56e-03
3.59e-03
3.61e-03
3.64e-03
3.67e-03
3.70e-03
3.73e-03
3.76e-03
3.79e-03
3.82e-03
3.86e-03
3.89e-03
3.92e-03
3.95e-03
3.99e-03
4.02e-03
4.05e-03
4.09e-03
4.12e-03
4.16e-03
4.20e-03
4.23e-03
4.27e-03
4.31e-03
4.34e-03
4.38e-03
4.42e-03
4.46e-03
4.50e-03
4.54e-03
4.58e-03
4.62e-03
4.66e-03
4.71e-03
4.75e-03
4.79e-03
4.84e-03
4.88e-03
4.93e-03
4.98e-03
5.02e-03
5.07e-03
5.12e-03
5.17e-03
5.22e-03
5.27e-03
5.32e-03
5.37e-03
5.42e-03
5.48e-03
5.53e-03
5.59e-03
5.64e-03
5.70e-03
5.76e-03
5.82e-03
5.87e-03
5.94e-03
6.00e-03
6.06e-03
6.12e-03
6.19e-03
6.25e-03
6.32e-03
6.39e-03
6.45e-03
6.52e-03
6.59e-03
6.67e-03
6.74e-03
6.81e-03
6.89e-03
6.97e-03
7.04e-03
7.12e-03
7.20e-03
7.29e-03
7.37e-03
7.45e-03
7.54e-03
7.63e-03
7.72e-03
7.81e-03
7.90e-03
8.00e-03
8.09e-03
8.19e-03
8.29e-03
8.39e-03
8.50e-03
8.60e-03
8.71e-03
8.82e-03
8.93e-03
9.04e-03
9.16e-03
9.28e-03
9.40e-03
9.52e-03
9.65e-03
9.78e-03
9.91e-03
1.00e-02
1.02e-02
1.03e-02
1.05e-02
1.06e-02
1.07e-02
1.09e-02
1.11e-02
1.12e-02
1.14e-02
1.15e-02
1.17e-02
1.19e-02
1.20e-02
1.22e-02
1.24e-02
1.26e-02
1.28e-02
1.30e-02
1.32e-02
1.34e-02
1.36e-02
1.38e-02
1.40e-02
1.43e-02
1.45e-02
1.47e-02
1.50e-02
1.52e-02
1.55e-02
1.57e-02
1.60e-02
1.63e-02
1.66e-02
1.69e-02
1.72e-02
1.75e-02
1.78e-02
1.81e-02
1.84e-02
1.88e-02
1.91e-02
1.95e-02
1.99e-02
2.02e-02
2.06e-02
2.10e-02
2.15e-02
2.19e-02
2.23e-02
2.28e-02
2.33e-02
2.38e-02
2.43e-02
2.48e-02
2.53e-02
2.59e-02
2.65e-02
2.71e-02
2.77e-02
2.83e-02
2.90e-02
2.96e-02
3.04e-02
3.11e-02
3.19e-02
3.26e-02
3.35e-02
3.43e-02
3.52e-02
3.61e-02
3.71e-02
3.81e-02
3.91e-02
4.02e-02
4.14e-02
4.26e-02
4.38e-02
4.51e-02
4.65e-02
4.79e-02
4.94e-02
5.09e-02
5.26e-02
5.43e-02
5.61e-02
5.80e-02
6.00e-02
6.22e-02
6.44e-02
6.68e-02
6.93e-02
7.20e-02
7.48e-02
7.79e-02
8.11e-02
8.45e-02
8.82e-02
9.21e-02
9.63e-02
0.10088997
0.10579015
0.11108741
0.1168295
0.12307253
0.12988219
0.13733653
0.14552864
0.15457109
0.16460098
0.17578769
0.18834341
0.20253887
0.21872444
0.23736638
0.25910157
0.28483199
0.31589407
0.35439554
0.4039614
0.4717431
0.57586197
0.81500052
0.99944611
0.99960155
0.9996599
0.99968987
0.9997083
0.99971935
0.99972724
0.9997324
0.99973505
0.99973688
0.9997374
0.9997371
0.99973594
0.9997347
0.99973276
0.99973043
0.99972718
0.99972408
0.99972071
0.99971663
0.99971247
0.99970816
0.9997032
0.99969834
0.99969325
0.99968761
0.99968184
0.99967553
0.99966925
0.99966229
0.99965501
0.99964725
0.99963936
0.99963059
0.99962219
0.99961234
0.99960245
0.99959188
0.99958046
0.99956806
0.99955505
0.99954109
0.99952585
0.99950912
0.99949314
0.99947155
0.99944974
0.99942577
0.99939882
0.9993677
0.99933269
0.9992916
0.99924246
0.99918355
0.99910987
0.99901335
0.9988799
0.99867722
0.99830961
0.99724981
0.72709334
0.54713742
0.45416687
0.39147373
0.34485818
0.30828502
0.27857844
0.25385023
0.23288245
0.21484544
0.19914638
0.18534963
0.17312498
0.16221728
0.1524247
0.14358606
0.13557051
0.12827009
0.12159521
0.11547104
0.10983454
0.10463132
9.98e-02
9.53e-02
9.12e-02
8.73e-02
8.37e-02
8.03e-02
7.71e-02
7.42e-02
7.14e-02
6.87e-02
6.62e-02
6.39e-02
6.17e-02
5.96e-02
5.76e-02
5.57e-02
5.39e-02
5.22e-02
5.06e-02
4.90e-02
4.75e-02
4.61e-02
4.48e-02
4.35e-02
4.23e-02
4.11e-02
4.00e-02
3.89e-02
3.79e-02
3.69e-02
3.59e-02
3.50e-02
3.41e-02
3.33e-02
3.25e-02
3.17e-02
3.09e-02
3.02e-02
2.95e-02
2.88e-02
2.81e-02
2.75e-02
2.69e-02
2.63e-02
2.57e-02
2.52e-02
2.47e-02
2.41e-02
2.36e-02
2.32e-02
2.27e-02
2.22e-02
2.18e-02
2.14e-02
2.09e-02
2.05e-02
2.01e-02
1.98e-02
1.94e-02
1.90e-02
1.87e-02
1.83e-02
1.80e-02
1.77e-02
1.74e-02
1.71e-02
1.68e-02
1.65e-02
1.62e-02
1.59e-02
1.57e-02
1.54e-02
1.52e-02
1.49e-02
1.47e-02
1.44e-02
1.42e-02
1.40e-02
1.38e-02
1.35e-02
1.33e-02
1.31e-02
1.29e-02
1.27e-02
1.25e-02
1.24e-02
1.22e-02
1.20e-02
1.18e-02
1.17e-02
1.15e-02
1.13e-02
1.12e-02
1.10e-02
1.09e-02
1.07e-02
1.06e-02
1.04e-02
1.03e-02
1.01e-02
1.00e-02
9.87e-03
9.74e-03
9.61e-03
9.49e-03
9.37e-03
9.25e-03
9.13e-03
9.01e-03
8.90e-03
8.79e-03
8.68e-03
8.57e-03
8.47e-03
8.36e-03
8.26e-03
8.16e-03
8.07e-03
7.97e-03
7.88e-03
7.78e-03
7.69e-03
7.60e-03
7.52e-03
7.43e-03
7.35e-03
7.26e-03
7.18e-03
7.10e-03
7.02e-03
6.94e-03
6.87e-03
6.79e-03
6.72e-03
6.64e-03
6.57e-03
6.50e-03
6.43e-03
6.37e-03
6.30e-03
6.23e-03
6.17e-03
6.10e-03
6.04e-03
5.98e-03
5.92e-03
5.86e-03
5.80e-03
5.74e-03
5.68e-03
5.63e-03
5.57e-03
5.51e-03
5.46e-03
5.41e-03
5.35e-03
5.30e-03
5.25e-03
5.20e-03
5.15e-03
5.10e-03
5.06e-03
5.01e-03
4.96e-03
4.91e-03
4.87e-03
4.82e-03
4.78e-03
4.74e-03
4.69e-03
4.65e-03
4.61e-03
4.57e-03
4.53e-03
4.49e-03
4.45e-03
4.41e-03
4.37e-03
4.33e-03
4.29e-03
4.26e-03
4.22e-03
4.18e-03
4.15e-03
4.11e-03
4.08e-03
4.04e-03
4.01e-03
3.98e-03
3.94e-03
3.91e-03
3.88e-03
3.85e-03
3.81e-03
3.78e-03
3.75e-03
3.72e-03
3.69e-03
3.66e-03
3.63e-03
3.60e-03
3.58e-03
3.55e-03
3.52e-03
3.49e-03
3.46e-03
3.44e-03
3.41e-03
3.38e-03
3.36e-03
3.33e-03
3.31e-03
3.28e-03
3.26e-03
3.23e-03
3.21e-03
3.18e-03
3.16e-03
3.14e-03
3.11e-03
3.09e-03
3.07e-03
3.05e-03
3.02e-03
3.00e-03
2.98e-03
2.96e-03
2.94e-03
2.92e-03
2.90e-03
2.88e-03
2.85e-03
2.83e-03
2.81e-03
2.79e-03
2.78e-03
2.76e-03
2.74e-03
2.72e-03
2.70e-03
2.68e-03
2.66e-03
2.64e-03
2.63e-03
2.61e-03
2.59e-03
2.57e-03
2.56e-03
2.54e-03
2.52e-03
2.51e-03
2.49e-03
2.47e-03
2.46e-03
2.44e-03
2.42e-03
2.41e-03
2.39e-03
2.38e-03
2.36e-03
2.35e-03
2.33e-03
2.32e-03
2.30e-03
2.29e-03
2.27e-03
2.26e-03
2.24e-03
2.23e-03
2.22e-03
2.20e-03
2.19e-03
2.18e-03
2.16e-03
2.15e-03
2.14e-03
2.12e-03
2.11e-03
2.10e-03
2.08e-03
2.07e-03
2.06e-03
2.05e-03
2.04e-03
2.02e-03
2.01e-03
2.00e-03
1.99e-03
1.98e-03
1.96e-03
1.95e-03
1.94e-03
1.93e-03
1.92e-03
1.91e-03
1.90e-03
1.89e-03
1.87e-03
1.86e-03
1.85e-03
1.84e-03
1.83e-03
1.82e-03
1.81e-03
1.80e-03
1.79e-03
1.78e-03
1.77e-03
1.76e-03
1.75e-03
1.74e-03
1.73e-03
1.72e-03
1.71e-03
1.70e-03
1.69e-03
1.69e-03
1.68e-03
1.67e-03
1.66e-03
1.65e-03
1.64e-03
1.63e-03
1.62e-03
1.61e-03
1.61e-03
1.60e-03
1.59e-03
1.58e-03
1.57e-03
1.56e-03
1.56e-03
1.55e-03
1.54e-03
1.53e-03
1.52e-03
1.52e-03
1.51e-03
1.50e-03
1.49e-03
1.49e-03
1.48e-03
1.47e-03
1.46e-03
1.46e-03
1.45e-03
1.44e-03
1.43e-03
1.43e-03
1.42e-03
1.41e-03
1.41e-03
1.40e-03
1.39e-03
1.38e-03
1.38e-03
1.37e-03
1.36e-03
1.36e-03
1.35e-03
1.34e-03
1.34e-03
1.33e-03
1.32e-03
1.32e-03
1.31e-03
1.31e-03
1.30e-03
1.29e-03
1.29e-03
1.28e-03
1.28e-03
1.27e-03
1.26e-03
1.26e-03
1.25e-03
1.25e-03
1.24e-03
1.23e-03
1.23e-03
1.22e-03
1.22e-03
1.21e-03
1.21e-03
1.20e-03
1.19e-03
1.19e-03
1.18e-03
1.18e-03
1.17e-03
1.17e-03
1.16e-03
1.16e-03
1.15e-03
1.15e-03
1.14e-03
1.14e-03
1.13e-03
1.13e-03
1.12e-03
1.12e-03
1.11e-03
1.11e-03
1.10e-03
1.10e-03
1.09e-03
1.09e-03
1.08e-03
1.08e-03
1.07e-03
1.07e-03
1.06e-03
1.06e-03
1.06e-03
1.05e-03
1.05e-03
1.04e-03
1.04e-03
1.03e-03
1.03e-03
1.02e-03
1.02e-03
1.02e-03
1.01e-03
1.01e-03
1.00e-03
9.98e-04
9.94e-04
9.90e-04
9.86e-04
9.82e-04
9.78e-04
9.74e-04
9.70e-04
9.66e-04
9.62e-04
9.58e-04
9.54e-04
9.50e-04
9.46e-04
9.42e-04
9.38e-04
9.35e-04
9.31e-04
9.27e-04
9.23e-04
9.20e-04
9.16e-04
9.12e-04
9.09e-04
9.05e-04
9.01e-04
8.98e-04
8.94e-04
8.91e-04
8.87e-04
8.84e-04
8.80e-04
8.77e-04
8.73e-04
8.70e-04
8.67e-04
8.63e-04
8.60e-04
8.57e-04
8.53e-04
8.50e-04
8.47e-04
8.43e-04
8.40e-04
8.37e-04
8.34e-04
8.31e-04
8.27e-04
8.24e-04
8.21e-04
8.18e-04
8.15e-04
8.12e-04
8.09e-04
8.06e-04
8.03e-04
8.00e-04
7.97e-04
7.94e-04
7.91e-04
7.88e-04
7.85e-04
7.82e-04
7.79e-04
7.76e-04
7.73e-04
7.71e-04
7.68e-04
7.65e-04
7.62e-04
7.59e-04
7.57e-04
7.54e-04
7.51e-04
7.48e-04
7.46e-04
7.43e-04
7.40e-04
7.38e-04
7.35e-04
7.32e-04
7.30e-04
7.27e-04
7.25e-04
7.22e-04
7.19e-04
7.17e-04
7.14e-04
7.12e-04
7.09e-04
7.07e-04
7.04e-04
7.02e-04
6.99e-04
6.97e-04
6.94e-04
6.92e-04
6.90e-04
6.87e-04
6.85e-04
6.83e-04
6.80e-04
6.78e-04
6.75e-04
6.73e-04
6.71e-04
6.69e-04
6.66e-04
6.64e-04
6.62e-04
6.59e-04
6.57e-04
6.55e-04
6.53e-04
6.51e-04
6.48e-04
6.46e-04
6.44e-04
6.42e-04
6.40e-04
6.38e-04
6.35e-04
6.33e-04
6.31e-04
6.29e-04
6.27e-04
6.25e-04
6.23e-04
6.21e-04
6.19e-04
6.17e-04
6.15e-04
6.13e-04
6.11e-04
6.09e-04
6.07e-04
6.05e-04
6.03e-04
6.01e-04
5.99e-04
5.97e-04
5.95e-04
5.93e-04
5.91e-04
5.89e-04
5.87e-04
5.86e-04
5.84e-04
5.82e-04
5.80e-04
5.78e-04
5.76e-04
5.74e-04
5.73e-04
5.71e-04
5.69e-04
5.67e-04
5.65e-04
5.64e-04
5.62e-04
5.60e-04
5.58e-04
5.57e-04
5.55e-04
5.53e-04
5.51e-04
5.50e-04
5.48e-04
5.46e-04
5.45e-04
5.43e-04
5.41e-04
5.40e-04
5.38e-04
5.36e-04
5.35e-04
5.33e-04
5.31e-04
5.30e-04
5.28e-04
5.27e-04
5.25e-04
5.23e-04
5.22e-04
5.20e-04
5.19e-04
5.17e-04
5.15e-04
5.14e-04
5.12e-04
5.11e-04
5.09e-04
5.08e-04
5.06e-04
5.05e-04
5.03e-04
5.02e-04
5.00e-04
4.99e-04
4.97e-04
4.96e-04
4.94e-04
4.93e-04
4.92e-04
4.90e-04
4.89e-04
4.87e-04
4.86e-04
4.84e-04
4.83e-04
4.82e-04
4.80e-04
4.79e-04
4.77e-04
4.76e-04
4.75e-04
4.73e-04

