8.41e-03
8.45e-03
8.48e-03
8.52e-03
8.56e-03
8.60e-03
8.64e-03
8.68e-03
8.72e-03
8.76e-03
8.81e-03
8.85e-03
8.89e-03
8.93e-03
8.97e-03
9.02e-03
9.06e-03
9.10e-03
9.15e-03
9.19e-03
9.23e-03
9.28e-03
9.32e-03
9.37e-03
9.41e-03
9.46e-03
9.51e-03
9.55e-03
9.60e-03
9.65e-03
9.69e-03
9.74e-03
9.79e-03
9.84e-03
9.89e-03
9.94e-03
9.99e-03
1.00e-02
1.01e-02
1.01e-02
1.02e-02
1.02e-02
1.03e-02
1.03e-02
1.04e-02
1.05e-02
1.05e-02
1.06e-02
1.06e-02
1.07e-02
1.07e-02
1.08e-02
1.08e-02
1.09e-02
1.09e-02
1.10e-02
1.11e-02
1.11e-02
1.12e-02
1.12e-02
1.13e-02
1.14e-02
1.14e-02
1.15e-02
1.15e-02
1.16e-02
1.17e-02
1.17e-02
1.18e-02
1.19e-02
1.19e-02
1.20e-02
1.21e-02
1.21e-02
1.22e-02
1.23e-02
1.23e-02
1.24e-02
1.25e-02
1.25e-02
1.26e-02
1.27e-02
1.28e-02
1.28e-02
1.29e-02
1.30e-02
1.30e-02
1.31e-02
1.32e-02
1.33e-02
1.34e-02
1.34e-02
1.35e-02
1.36e-02
1.37e-02
1.37e-02
1.38e-02
1.39e-02
1.40e-02
1.41e-02
1.42e-02
1.42e-02
1.43e-02
1.44e-02
1.45e-02
1.46e-02
1.47e-02
1.48e-02
1.49e-02
1.50e-02
1.50e-02
1.51e-02
1.52e-02
1.53e-02
1.54e-02
1.55e-02
1.56e-02
1.57e-02
1.58e-02
1.59e-02
1.60e-02
1.61e-02
1.62e-02
1.63e-02
1.64e-02
1.65e-02
1.66e-02
1.68e-02
1.69e-02
1.70e-02
1.71e-02
1.72e-02
1.73e-02
1.74e-02
1.75e-02
1.77e-02
1.78e-02
1.79e-02
1.80e-02
1.82e-02
1.83e-02
1.84e-02
1.85e-02
1.87e-02
1.88e-02
1.89e-02
1.90e-02
1.92e-02
1.93e-02
1.95e-02
1.96e-02
1.97e-02
1.99e-02
2.00e-02
2.02e-02
2.03e-02
2.04e-02
2.06e-02
2.07e-02
2.09e-02
2.11e-02
2.12e-02
2.14e-02
2.15e-02
2.17e-02
2.18e-02
2.20e-02
2.22e-02
2.23e-02
2.25e-02
2.27e-02
2.29e-02
2.30e-02
2.32e-02
2.34e-02
2.36e-02
2.38e-02
2.39e-02
2.41e-02
2.43e-02
2.45e-02
2.47e-02
2.49e-02
2.51e-02
2.53e-02
2.55e-02
2.57e-02
2.59e-02
2.62e-02
2.64e-02
2.66e-02
2.68e-02
2.70e-02
2.73e-02
2.75e-02
2.77e-02
2.80e-02
2.82e-02
2.85e-02
2.87e-02
2.90e-02
2.92e-02
2.95e-02
2.97e-02
3.00e-02
3.03e-02
3.05e-02
3.08e-02
3.11e-02
3.14e-02
3.16e-02
3.19e-02
3.22e-02
3.25e-02
3.28e-02
3.31e-02
3.34e-02
3.38e-02
3.41e-02
3.44e-02
3.47e-02
3.51e-02
3.54e-02
3.58e-02
3.61e-02
3.65e-02
3.68e-02
3.72e-02
3.76e-02
3.79e-02
3.83e-02
3.87e-02
3.91e-02
3.95e-02
3.99e-02
4.03e-02
4.07e-02
4.12e-02
4.16e-02
4.20e-02
4.25e-02
4.30e-02
4.34e-02
4.39e-02
4.44e-02
4.49e-02
4.54e-02
4.59e-02
4.64e-02
4.69e-02
4.74e-02
4.80e-02
4.85e-02
4.91e-02
4.97e-02
5.02e-02
5.08e-02
5.14e-02
5.20e-02
5.27e-02
5.33e-02
5.40e-02
5.46e-02
5.53e-02
5.60e-02
5.67e-02
5.74e-02
5.81e-02
5.89e-02
5.96e-02
6.04e-02
6.12e-02
6.20e-02
6.28e-02
6.37e-02
6.45e-02
6.54e-02
6.63e-02
6.72e-02
6.82e-02
6.91e-02
7.01e-02
7.11e-02
7.21e-02
7.32e-02
7.42e-02
7.53e-02
7.64e-02
7.76e-02
7.88e-02
8.00e-02
8.12e-02
8.25e-02
8.37e-02
8.51e-02
8.64e-02
8.78e-02
8.93e-02
9.07e-02
9.22e-02
9.38e-02
9.54e-02
9.70e-02
9.87e-02
0.10041241
0.10218869
0.10401613
0.10589694
0.10783355
0.1098282
0.11188346
0.11400192
0.11618652
0.11844036
0.12076645
0.12316823
0.12564944
0.128214
0.13086574
0.13360942
0.13644946
0.13939101
0.14243965
0.14560093
0.14888118
0.15228704
0.15582582
0.1595055
0.16333424
0.16732154
0.17147736
0.17581261
0.18033895
0.18506963
0.19001879
0.19520197
0.20063679
0.20634218
0.21233925
0.21865202
0.2253068
0.23233326
0.23976479
0.24763967
0.25600075
0.2648979
0.274388
0.28453778
0.29542394
0.30713935
0.31979258
0.33351577
0.3484703
0.36485614
0.38292636
0.40300755
0.42553161
0.45109018
0.48052607
0.51511137
0.55691259
0.60970874
0.68190329
0.80323764
0.99172453
0.99502594
0.99602934
0.99654911
0.9968733
0.99709664
0.99725981
0.99738444
0.99748175
0.99755968
0.99762302
0.99767511
0.9977179
0.99775418
0.99778405
0.99780901
0.99783052
0.99784828
0.99786257
0.99787453
0.99788414
0.99789158
0.99789766
0.99790213
0.99790464
0.99790616
0.9979068
0.99790616
0.99790446
0.997902
0.9978985
0.99789439
0.9978896
0.99788396
0.99787801
0.99787134
0.99786425
0.99785646
0.99784815
0.99783951
0.99783071
0.99782235
0.99781054
0.99779988
0.99778946
0.99777829
0.99776672
0.99775468
0.99774244
0.99772998
0.99771682
0.99770374
0.99768983
0.99767604
0.99766159
0.9976472
0.99763231
0.99761702
0.99760114
0.99758574
0.99756946
0.99755303
0.99753616
0.99751914
0.99750191
0.99748424
0.99746613
0.99744741
0.99742878
0.9974099
0.99739031
0.99737054
0.99735036
0.99732989
0.99730905
0.99728793
0.99726657
0.9972443
0.99722186
0.99719931
0.9971756
0.99715179
0.99712793
0.99710354
0.99707841
0.99705277
0.99702719
0.99700041
0.99697352
0.99694591
0.99691743
0.99688948
0.99685974
0.99682979
0.99679958
0.99676822
0.99673643
0.99670406
0.99667071
0.99663678
0.99660185
0.99656638
0.99652984
0.99649272
0.99645434
0.99641506
0.99637474
0.99633359
0.99629125
0.99624741
0.9962031
0.9961571
0.99610958
0.9960608
0.99601111
0.99595983
0.99590644
0.99585133
0.99579465
0.99573738
0.99567518
0.9956129
0.99554788
0.99548014
0.99540983
0.99533733
0.99526162
0.99518236
0.99510015
0.99501422
0.99492418
0.99483023
0.99473141
0.99462756
0.99451844
0.9944025
0.99428105
0.99415214
0.99401475
0.99386846
0.99371216
0.99354498
0.99336556
0.99317093
0.99295962
0.99273054
0.9924787
0.99220101
0.99189357
0.99154827
0.99115839
0.99071263
0.99019644
0.98958838
0.98885612
0.98795183
0.98679471
0.98523673
0.98297341
0.97923177
0.97108571
0.91649863
0.73408267
0.64408227
0.5828402
0.53595633
0.49793139
0.46599375
0.43852854
0.41449894
0.39319743
0.3741169
0.35688353
0.34120228
0.32685358
0.3136556
0.30146188
0.29015201
0.27962537
0.26979713
0.26059544
0.25195917
0.24383427
0.23617462
0.22893914
0.22209267
0.21560371
0.20944366
0.20358754
0.19801281
0.19269946
0.18762917
0.18278566
0.17815337
0.17371934
0.16947048
0.16539596
0.16148474
0.15772771
0.154116
0.15064101
0.14729563
0.1440727
0.14096561
0.13796858
0.13507571
0.13228192
0.12958248
0.12697261
0.12444821
0.12200511
0.11963968
0.11734828
0.11512789
0.11297492
0.11088693
0.10886078
0.10689399
0.10498418
0.10312892
0.1013261
9.96e-02
9.79e-02
9.62e-02
9.46e-02
9.30e-02
9.15e-02
9.00e-02
8.86e-02
8.71e-02
8.58e-02
8.44e-02
8.31e-02
8.18e-02
8.06e-02
7.94e-02
7.82e-02
7.70e-02
7.59e-02
7.48e-02
7.37e-02
7.26e-02
7.16e-02
7.06e-02
6.96e-02
6.86e-02
6.77e-02
6.68e-02
6.59e-02
6.50e-02
6.41e-02
6.33e-02
6.24e-02
6.16e-02
6.08e-02
6.00e-02
5.93e-02
5.85e-02
5.78e-02
5.71e-02
5.63e-02
5.56e-02
5.50e-02
5.43e-02
5.36e-02
5.30e-02
5.24e-02
5.17e-02
5.11e-02
5.05e-02
4.99e-02
4.94e-02
4.88e-02
4.82e-02
4.77e-02
4.72e-02
4.66e-02
4.61e-02
4.56e-02
4.51e-02
4.46e-02
4.41e-02
4.37e-02
4.32e-02
4.27e-02
4.23e-02
4.18e-02
4.14e-02
4.10e-02
4.05e-02
4.01e-02
3.97e-02
3.93e-02
3.89e-02
3.85e-02
3.81e-02
3.77e-02
3.74e-02
3.70e-02
3.66e-02
3.63e-02
3.59e-02
3.56e-02
3.52e-02
3.49e-02
3.46e-02
3.42e-02
3.39e-02
3.36e-02
3.33e-02
3.30e-02
3.27e-02
3.24e-02
3.21e-02
3.18e-02
3.15e-02
3.12e-02
3.09e-02
3.07e-02
3.04e-02
3.01e-02
2.98e-02
2.96e-02
2.93e-02
2.91e-02
2.88e-02
2.86e-02
2.83e-02
2.81e-02
2.79e-02
2.76e-02
2.74e-02
2.72e-02
2.69e-02
2.67e-02
2.65e-02
2.63e-02
2.61e-02
2.58e-02
2.56e-02
2.54e-02
2.52e-02
2.50e-02
2.48e-02
2.46e-02
2.44e-02
2.42e-02
2.40e-02
2.39e-02
2.37e-02
2.35e-02
2.33e-02
2.31e-02
2.29e-02
2.28e-02
2.26e-02
2.24e-02
2.23e-02
2.21e-02
2.19e-02
2.18e-02
2.16e-02
2.14e-02
2.13e-02
2.11e-02
2.10e-02
2.08e-02
2.07e-02
2.05e-02
2.04e-02
2.02e-02
2.01e-02
1.99e-02
1.98e-02
1.97e-02
1.95e-02
1.94e-02
1.92e-02
1.91e-02
1.90e-02
1.88e-02
1.87e-02
1.86e-02
1.85e-02
1.83e-02
1.82e-02
1.81e-02
1.80e-02
1.78e-02
1.77e-02
1.76e-02
1.75e-02
1.74e-02
1.73e-02
1.71e-02
1.70e-02
1.69e-02
1.68e-02
1.67e-02
1.66e-02
1.65e-02
1.64e-02
1.63e-02
1.62e-02
1.61e-02
1.60e-02
1.59e-02
1.58e-02
1.57e-02
1.56e-02
1.55e-02
1.54e-02
1.53e-02
1.52e-02
1.51e-02
1.50e-02
1.49e-02
1.48e-02
1.47e-02
1.46e-02
1.45e-02
1.45e-02
1.44e-02
1.43e-02
1.42e-02
1.41e-02
1.40e-02
1.39e-02
1.39e-02
1.38e-02
1.37e-02
1.36e-02
1.35e-02
1.35e-02
1.34e-02
1.33e-02
1.32e-02
1.32e-02
1.31e-02
1.30e-02
1.29e-02
1.29e-02
1.28e-02
1.27e-02
1.26e-02
1.26e-02
1.25e-02
1.24e-02
1.24e-02
1.23e-02
1.22e-02
1.22e-02
1.21e-02
1.20e-02
1.20e-02
1.19e-02
1.18e-02
1.18e-02
1.17e-02
1.16e-02
1.16e-02
1.15e-02
1.14e-02
1.14e-02
1.13e-02
1.13e-02
1.12e-02
1.11e-02
1.11e-02
1.10e-02
1.10e-02
1.09e-02
1.09e-02
1.08e-02
1.07e-02
1.07e-02
1.06e-02
1.06e-02
1.05e-02
1.05e-02
1.04e-02
1.04e-02
1.03e-02
1.03e-02
1.02e-02
1.02e-02
1.01e-02
1.01e-02
1.00e-02
9.96e-03
9.91e-03
9.86e-03
9.81e-03
9.76e-03
9.71e-03
9.67e-03
9.62e-03
9.57e-03
9.52e-03
9.48e-03
9.43e-03
9.39e-03
9.34e-03
9.30e-03
9.25e-03
9.21e-03
9.16e-03
9.12e-03
9.08e-03
9.03e-03
8.99e-03
8.95e-03
8.91e-03
8.86e-03
8.82e-03
8.78e-03
8.74e-03
8.70e-03
8.66e-03
8.62e-03
8.58e-03
8.54e-03
8.50e-03
8.46e-03
8.42e-03
8.38e-03
8.35e-03
8.31e-03
8.27e-03
8.23e-03
8.20e-03
8.16e-03
8.12e-03
8.09e-03
8.05e-03
8.01e-03
7.98e-03
7.94e-03
7.91e-03
7.87e-03
7.84e-03
7.80e-03
7.77e-03
7.73e-03
7.70e-03
7.67e-03
7.63e-03
7.60e-03
7.57e-03
7.53e-03
7.50e-03
7.47e-03
7.44e-03
7.41e-03
7.37e-03
7.34e-03
7.31e-03
7.28e-03
7.25e-03
7.22e-03
7.19e-03
7.16e-03
7.13e-03
7.10e-03
7.07e-03
7.04e-03
7.01e-03
6.98e-03
6.95e-03
6.92e-03
6.89e-03
6.86e-03
6.84e-03
6.81e-03
6.78e-03
6.75e-03
6.73e-03
6.70e-03
6.67e-03
6.64e-03
6.62e-03
6.59e-03
6.56e-03
6.54e-03
6.51e-03
6.48e-03
6.46e-03
6.43e-03
6.41e-03
6.38e-03
6.36e-03
6.33e-03
6.31e-03
6.28e-03
6.26e-03
6.23e-03
6.21e-03
6.18e-03
6.16e-03
6.13e-03
6.11e-03
6.09e-03
6.06e-03
6.04e-03
6.02e-03
5.99e-03
5.97e-03
5.95e-03
5.92e-03
5.90e-03
5.88e-03
5.86e-03
5.83e-03
5.81e-03
5.79e-03
5.77e-03
5.75e-03
5.73e-03
5.70e-03
5.68e-03
5.66e-03
5.64e-03
5.62e-03
5.60e-03
5.58e-03
5.56e-03
5.54e-03
5.52e-03
5.50e-03
5.48e-03
5.45e-03
5.43e-03
5.42e-03
5.40e-03
5.38e-03
5.36e-03
5.34e-03

