-20
-19.775
-19.549999
-19.325001
-19.1
-18.875
-18.65
-18.424999
-18.200001
-17.975
-17.75
-17.525
-17.299999
-17.075001
-16.85
-16.625
-16.4
-16.174999
-15.950001
-15.725
-15.5
-15.275
-15.05
-14.825001
-14.6
-14.375
-14.15
-13.925
-13.700001
-13.475
-13.25
-13.025
-12.8
-12.575001
-12.35
-12.125
-11.900001
-11.675
-11.45
-11.225
-11
-10.775001
-10.55
-10.325
-10.1
-9.875
-9.6500006
-9.4250002
-9.2000008
-8.9750004
-8.75
-8.5250006
-8.3000002
-8.0750008
-7.8500004
-7.625
-7.4000006
-7.1750002
-6.9500008
-6.7250004
-6.5
-6.2750006
-6.0500002
-5.8250008
-5.6000004
-5.375
-5.1500006
-4.9250002
-4.7000008
-4.4750004
-4.25
-4.0250006
-3.8000011
-3.5750008
-3.3500004
-3.125
-2.8999996
-2.6750011
-2.4500008
-2.2250004
-2
-1.7749996
-1.5500011
-1.3250008
-1.1000004
-0.875
-0.64999962
-0.42500114
-0.20000076
2.50E-02
0.25
0.47500038
0.69999886
0.92499924
1.1499996
1.375
1.5999985
1.8249989
2.0499992
2.2749996
2.5
2.7249985
2.9499989
3.1749992
3.3999996
3.625
3.8499985
4.0749989
4.2999992
4.5249996
4.75
4.9749985
5.1999989
5.4249992
5.6499996
5.875
6.0999985
6.3249989
6.5499992
6.7749996
7
7.2249985
7.4499989
7.6749992
7.8999996
8.125
8.3499985
8.5749989
8.7999992
9.0249996
9.25
9.4749985
9.6999989
9.9249992
10.15
10.375
10.599998
10.824999
11.049999
11.275
11.5
11.724998
11.949999
12.174999
12.399998
12.625
12.849998
13.075001
13.299999
13.524998
13.75
13.974998
14.200001
14.424999
14.649998
14.875
15.099998
15.325001
15.549999
15.774998
16
16.224998
16.450001
16.674999
16.899998
17.125
17.349998
17.575001
17.799999
18.024998
18.25
18.474998
18.700001
18.924999
19.149998
19.375
19.599998
19.825001
20.049999
20.274998
20.5
20.724998
20.950001
21.174999
21.399998
21.625
21.849998
22.075001
22.299999
22.524998
22.75
22.974998
23.199997
23.424999
23.649998
23.875
24.099998
24.324997
24.549999
24.774998
25
25.224998
25.449997
25.674999
25.899998
26.125
26.349998
26.574997
26.799999
27.024998
27.25
27.474998
27.699997
27.924999
28.149998
28.375
28.599998
28.824997
29.049999
29.274998
29.5
29.724998
2.99E+01
3.02E+01
30.399998
30.625
30.849998
31.074997
31.299999
31.524998
31.75
31.974998
32.199997
32.424999
32.649998
32.875
33.099998
33.324997
33.549999
33.774998
34
34.224998
34.449997
34.674999
34.899998
35.125
35.349998
35.574997
35.799999
36.024998
36.25
36.474998
36.699997
36.924999
37.149998
37.375
37.599998
37.824997
38.049999
38.274998
38.5
38.724998
38.949997
39.174999
39.399998
39.625
39.849998
40.074997
40.299999
40.524998
40.75
40.974998
41.199997
41.424999
41.649998
41.875
42.099998
42.324997
42.549999
42.774998
43
43.224998
43.449997
43.674999
43.899998
44.125
44.349998
44.574997
44.799995
45.025002
45.25
45.474998
45.699997
45.924995
46.150002
46.375
46.599998
46.824997
47.049995
47.275002
47.5
47.724998
47.949997
48.174995
48.400002
48.625
48.849998
49.074997
49.299995
49.525002
49.75
49.974998
50.199997
50.424995
50.650002
50.875
51.099998
51.324997
51.549995
51.775002
52
52.224998
52.449997
52.674995
52.900002
53.125
53.349998
53.574997
53.799995
54.025002
54.25
54.474998
54.699997
54.924995
55.150002
55.375
55.599998
55.824997
56.049995
56.275002
56.5
56.724998
56.949997
57.174995
57.400002
57.625
57.849998
58.074997
58.299995
58.525002
58.75
58.974998
59.199997
59.424995
59.650002
59.875
60.099998
60.324997
60.549995
60.775002
61
61.224998
61.449997
61.674995
61.900002
62.125
62.349998
62.574997
62.799995
63.025002
63.25
63.474998
63.699997
63.924995
64.150002
64.375
64.599998
64.824997
65.049995
65.275002
65.5
65.724998
65.949997
66.174995
66.399994
66.625
66.849998
67.074997
67.299995
67.524994
67.75
67.974998
68.199997
68.424995
68.649994
68.875
69.099998
69.324997
69.549995
69.774994
70

