5.90e-03
5.98e-03
6.06e-03
6.14e-03
6.23e-03
6.31e-03
6.40e-03
6.49e-03
6.58e-03
6.67e-03
6.76e-03
6.86e-03
6.96e-03
7.06e-03
7.16e-03
7.27e-03
7.38e-03
7.49e-03
7.60e-03
7.72e-03
7.83e-03
7.96e-03
8.08e-03
8.21e-03
8.34e-03
8.47e-03
8.60e-03
8.74e-03
8.89e-03
9.03e-03
9.18e-03
9.34e-03
9.49e-03
9.65e-03
9.82e-03
9.99e-03
1.02e-02
1.03e-02
1.05e-02
1.07e-02
1.09e-02
1.11e-02
1.13e-02
1.15e-02
1.17e-02
1.20e-02
1.22e-02
1.24e-02
1.27e-02
1.29e-02
1.32e-02
1.35e-02
1.37e-02
1.40e-02
1.43e-02
1.46e-02
1.49e-02
1.52e-02
1.56e-02
1.59e-02
1.63e-02
1.66e-02
1.70e-02
1.74e-02
1.78e-02
1.82e-02
1.87e-02
1.91e-02
1.96e-02
2.01e-02
2.06e-02
2.11e-02
2.17e-02
2.22e-02
2.28e-02
2.34e-02
2.41e-02
2.47e-02
2.54e-02
2.62e-02
2.69e-02
2.77e-02
2.85e-02
2.94e-02
3.03e-02
3.13e-02
3.23e-02
3.33e-02
3.44e-02
3.56e-02
3.68e-02
3.81e-02
3.94e-02
4.09e-02
4.24e-02
4.40e-02
4.57e-02
4.75e-02
4.94e-02
5.14e-02
5.36e-02
5.59e-02
5.84e-02
6.10e-02
6.39e-02
6.70e-02
7.02e-02
7.38e-02
7.77e-02
8.18e-02
8.64e-02
9.14e-02
9.68e-02
0.10277446
0.10937522
0.11669276
0.12484438
0.1339757
0.14426766
0.15595065
0.16932119
0.18477087
0.20282844
0.22422994
0.25004224
0.28188702
0.32240959
0.37637441
0.4538667
0.58437019
0.99570495
0.99829456
0.9986417
0.99878353
0.99885622
0.99889596
0.99891672
0.99892639
0.99892759
0.99892319
0.99891408
0.99890208
0.99888814
0.99886852
0.99884823
0.99882587
0.9988016
0.99877517
0.99874713
0.99871688
0.99868514
0.99865066
0.99861441
0.99857543
0.99853429
0.99848998
0.99844248
0.99839174
0.99833736
0.99827866
0.99821478
0.99814507
0.99806914
0.99798539
0.9978922
0.99778858
0.99767061
0.99753615
0.99737996
0.99719482
0.99697133
0.9966923
0.99633011
0.99583177
0.99507839
0.99372871
0.98997982
0.70880325
0.50896694
0.41131128
0.34738703
0.30091703
0.26513669
0.23654479
0.21308845
0.19345954
0.17677686
0.16241802
0.14992972
0.13897153
0.12928269
0.1206594
0.11293943
0.105992
9.97e-02
9.40e-02
8.88e-02
8.41e-02
7.97e-02
7.57e-02
7.20e-02
6.86e-02
6.54e-02
6.24e-02
5.97e-02
5.71e-02
5.47e-02
5.25e-02
5.04e-02
4.84e-02
4.66e-02
4.48e-02
4.32e-02
4.16e-02
4.01e-02
3.87e-02
3.74e-02
3.62e-02
3.50e-02
3.38e-02
3.28e-02
3.17e-02
3.08e-02
2.98e-02
2.90e-02
2.81e-02
2.73e-02
2.65e-02
2.58e-02
2.51e-02
2.44e-02
2.37e-02
2.31e-02
2.25e-02
2.19e-02
2.14e-02
2.08e-02
2.03e-02
1.98e-02
1.93e-02
1.89e-02
1.84e-02
1.80e-02
1.76e-02
1.72e-02
1.68e-02
1.64e-02
1.61e-02
1.57e-02
1.54e-02
1.51e-02
1.48e-02
1.44e-02
1.41e-02
1.39e-02
1.36e-02
1.33e-02
1.31e-02
1.28e-02
1.25e-02
1.23e-02
1.21e-02
1.18e-02
1.16e-02
1.14e-02
1.12e-02
1.10e-02
1.08e-02
1.06e-02
1.04e-02
1.02e-02
1.01e-02
9.90e-03
9.73e-03
9.57e-03
9.41e-03
9.25e-03
9.10e-03
8.95e-03
8.81e-03
8.67e-03
8.53e-03
8.40e-03
8.27e-03
8.14e-03
8.01e-03
7.89e-03
7.77e-03
7.65e-03
7.54e-03
7.43e-03
7.32e-03
7.21e-03
7.11e-03
7.01e-03
6.91e-03
6.81e-03
6.71e-03
6.62e-03
6.53e-03
6.44e-03
6.35e-03
6.26e-03
6.18e-03
6.10e-03
6.02e-03
5.94e-03
5.86e-03
5.78e-03
5.71e-03
5.63e-03
5.56e-03
5.49e-03
5.42e-03
5.35e-03
5.29e-03
5.22e-03
5.16e-03
5.09e-03
5.03e-03
4.97e-03
4.91e-03
4.85e-03
4.80e-03
4.74e-03
4.68e-03
4.63e-03
4.57e-03
4.52e-03
4.47e-03
4.42e-03
4.37e-03
4.32e-03
4.27e-03
4.22e-03
4.18e-03
4.13e-03
4.09e-03
4.04e-03
4.00e-03
3.96e-03
3.91e-03
3.87e-03
3.83e-03
3.79e-03
3.75e-03
3.71e-03
3.67e-03
3.63e-03
3.60e-03
3.56e-03
3.52e-03
3.49e-03
3.45e-03
3.42e-03
3.38e-03
3.35e-03
3.32e-03
3.29e-03
3.25e-03
3.22e-03
3.19e-03
3.16e-03
3.13e-03
3.10e-03
3.07e-03
3.04e-03
3.01e-03
2.98e-03
2.96e-03
2.93e-03
2.90e-03
2.88e-03
2.85e-03
2.82e-03
2.80e-03
2.77e-03
2.75e-03
2.72e-03
2.70e-03
2.68e-03
2.65e-03
2.63e-03
2.61e-03
2.58e-03
2.56e-03
2.54e-03
2.52e-03
2.50e-03
2.47e-03
2.45e-03
2.43e-03
2.41e-03
2.39e-03
2.37e-03
2.35e-03
2.33e-03
2.31e-03
2.29e-03
2.28e-03
2.26e-03

