1.15e-02
1.16e-02
1.17e-02
1.19e-02
1.20e-02
1.21e-02
1.22e-02
1.23e-02
1.25e-02
1.26e-02
1.27e-02
1.28e-02
1.30e-02
1.31e-02
1.32e-02
1.34e-02
1.35e-02
1.37e-02
1.38e-02
1.40e-02
1.41e-02
1.43e-02
1.44e-02
1.46e-02
1.47e-02
1.49e-02
1.51e-02
1.52e-02
1.54e-02
1.56e-02
1.57e-02
1.59e-02
1.61e-02
1.63e-02
1.65e-02
1.67e-02
1.69e-02
1.71e-02
1.73e-02
1.75e-02
1.77e-02
1.79e-02
1.81e-02
1.83e-02
1.86e-02
1.88e-02
1.90e-02
1.93e-02
1.95e-02
1.98e-02
2.00e-02
2.03e-02
2.05e-02
2.08e-02
2.11e-02
2.13e-02
2.16e-02
2.19e-02
2.22e-02
2.25e-02
2.28e-02
2.31e-02
2.35e-02
2.38e-02
2.41e-02
2.45e-02
2.48e-02
2.52e-02
2.56e-02
2.59e-02
2.63e-02
2.67e-02
2.71e-02
2.75e-02
2.79e-02
2.84e-02
2.88e-02
2.93e-02
2.97e-02
3.02e-02
3.07e-02
3.12e-02
3.17e-02
3.22e-02
3.27e-02
3.33e-02
3.39e-02
3.44e-02
3.50e-02
3.56e-02
3.63e-02
3.69e-02
3.76e-02
3.82e-02
3.89e-02
3.97e-02
4.04e-02
4.12e-02
4.19e-02
4.27e-02
4.36e-02
4.44e-02
4.53e-02
4.62e-02
4.72e-02
4.81e-02
4.91e-02
5.01e-02
5.12e-02
5.23e-02
5.34e-02
5.46e-02
5.58e-02
5.71e-02
5.84e-02
5.97e-02
6.11e-02
6.26e-02
6.41e-02
6.57e-02
6.73e-02
6.90e-02
7.07e-02
7.26e-02
7.45e-02
7.64e-02
7.85e-02
8.07e-02
8.29e-02
8.53e-02
8.78e-02
9.03e-02
9.30e-02
9.59e-02
9.89e-02
0.1019804
0.10527282
0.10874075
0.11239786
0.11625936
0.12034197
0.12466484
0.12924872
0.13411725
0.1392969
0.14481775
0.15071381
0.15702411
0.16379305
0.171072
0.17892102
0.18740972
0.19662081
0.20665147
0.21761979
0.22966792
0.24297106
0.25774849
0.27427595
0.29291362
0.31413772
0.33860001
0.36722863
0.40140766
0.44335824
0.4970184
0.57062811
0.68834734
0.98163602
0.99186952
0.99367418
0.99449348
0.99496529
0.99526855
0.99547533
0.99562157
0.99572674
0.99580258
0.9958569
0.99589454
0.99591917
0.99593374
0.99593939
0.9959375
0.99592962
0.99591679
0.99589916
0.99587735
0.99585275
0.99582427
0.99579273
0.99576006
0.99572187
0.99568244
0.99564148
0.99559722
0.9955518
0.99550419
0.9954543
0.99540265
0.99534907
0.99529325
0.9952358
0.99517655
0.99511504
0.99505159
0.99498614
0.99491837
0.99484855
0.9947765
0.9947025
0.99462582
0.99454643
0.99446479
0.99438037
0.99429304
0.99420295
0.99410957
0.99401275
0.99391276
0.99380859
0.99370134
0.99358933
0.99347321
0.99335219
0.99322603
0.99309427
0.99295706
0.9928137
0.9926628
0.9925049
0.99233894
0.99216375
0.99197958
0.99178424
0.99157763
0.99135732
0.99112307
0.9908722
0.99060269
0.99031275
0.98999927
0.98965802
0.98928561
0.98887531
0.98842175
0.98791446
0.98734384
0.98669375
0.98594313
0.98506323
0.98401021
0.98271738
0.98107554
0.97888968
0.97576565
0.97074244
0.96048881
0.91299233
0.68302038
0.56830062
0.49552095
0.44225874
0.40054285
0.36652024
0.33800567
0.31362586
0.29246739
0.27388135
0.25739629
0.24265441
0.22938112
0.21735831
0.20641209
0.19640022
0.18720571
0.17873173
0.17089594
0.1636282
0.15687002
0.1505691
0.14468158
0.13916853
0.13399585
0.12913383
0.1245559
0.12023857
0.11616078
0.11230399
0.10865106
0.10518715
0.10189844
9.88e-02
9.58e-02
9.30e-02
9.03e-02
8.77e-02
8.52e-02
8.29e-02
8.06e-02
7.85e-02
7.64e-02
7.44e-02
7.25e-02
7.07e-02
6.89e-02
6.72e-02
6.56e-02
6.41e-02
6.26e-02
6.11e-02
5.97e-02
5.84e-02
5.71e-02
5.58e-02
5.46e-02
5.34e-02
5.23e-02
5.12e-02
5.01e-02
4.91e-02
4.81e-02
4.71e-02
4.62e-02
4.53e-02
4.44e-02
4.35e-02
4.27e-02
4.19e-02
4.11e-02
4.04e-02
3.96e-02
3.89e-02
3.82e-02
3.75e-02
3.69e-02
3.62e-02
3.56e-02
3.50e-02
3.44e-02
3.38e-02
3.33e-02
3.27e-02
3.22e-02
3.17e-02
3.12e-02
3.07e-02
3.02e-02
2.97e-02
2.92e-02
2.88e-02
2.84e-02
2.79e-02
2.75e-02
2.71e-02
2.67e-02
2.63e-02
2.59e-02
2.55e-02
2.52e-02
2.48e-02
2.45e-02
2.41e-02
2.38e-02
2.35e-02
2.31e-02
2.28e-02
2.25e-02
2.22e-02
2.19e-02
2.16e-02
2.13e-02
2.11e-02
2.08e-02
2.05e-02
2.03e-02
2.00e-02
1.97e-02
1.95e-02
1.92e-02
1.90e-02
1.88e-02
1.85e-02
1.83e-02
1.81e-02
1.79e-02
1.77e-02
1.75e-02
1.73e-02
1.71e-02
1.69e-02
1.67e-02
1.65e-02
1.63e-02
1.61e-02
1.59e-02
1.57e-02
1.56e-02
1.54e-02
1.52e-02
1.50e-02

