7.17e-03
7.21e-03
7.25e-03
7.28e-03
7.32e-03
7.35e-03
7.39e-03
7.43e-03
7.46e-03
7.50e-03
7.54e-03
7.58e-03
7.62e-03
7.66e-03
7.69e-03
7.73e-03
7.77e-03
7.81e-03
7.85e-03
7.89e-03
7.93e-03
7.98e-03
8.02e-03
8.06e-03
8.10e-03
8.14e-03
8.19e-03
8.23e-03
8.27e-03
8.32e-03
8.36e-03
8.41e-03
8.45e-03
8.50e-03
8.54e-03
8.59e-03
8.63e-03
8.68e-03
8.73e-03
8.77e-03
8.82e-03
8.87e-03
8.92e-03
8.97e-03
9.02e-03
9.07e-03
9.12e-03
9.17e-03
9.22e-03
9.27e-03
9.32e-03
9.38e-03
9.43e-03
9.48e-03
9.54e-03
9.59e-03
9.65e-03
9.70e-03
9.76e-03
9.81e-03
9.87e-03
9.93e-03
9.98e-03
1.00e-02
1.01e-02
1.02e-02
1.02e-02
1.03e-02
1.03e-02
1.04e-02
1.05e-02
1.05e-02
1.06e-02
1.07e-02
1.07e-02
1.08e-02
1.08e-02
1.09e-02
1.10e-02
1.10e-02
1.11e-02
1.12e-02
1.13e-02
1.13e-02
1.14e-02
1.15e-02
1.15e-02
1.16e-02
1.17e-02
1.18e-02
1.18e-02
1.19e-02
1.20e-02
1.21e-02
1.21e-02
1.22e-02
1.23e-02
1.24e-02
1.25e-02
1.25e-02
1.26e-02
1.27e-02
1.28e-02
1.29e-02
1.30e-02
1.30e-02
1.31e-02
1.32e-02
1.33e-02
1.34e-02
1.35e-02
1.36e-02
1.37e-02
1.38e-02
1.39e-02
1.40e-02
1.41e-02
1.41e-02
1.42e-02
1.43e-02
1.44e-02
1.46e-02
1.47e-02
1.48e-02
1.49e-02
1.50e-02
1.51e-02
1.52e-02
1.53e-02
1.54e-02
1.55e-02
1.56e-02
1.57e-02
1.59e-02
1.60e-02
1.61e-02
1.62e-02
1.63e-02
1.65e-02
1.66e-02
1.67e-02
1.68e-02
1.70e-02
1.71e-02
1.72e-02
1.74e-02
1.75e-02
1.76e-02
1.78e-02
1.79e-02
1.81e-02
1.82e-02
1.83e-02
1.85e-02
1.86e-02
1.88e-02
1.89e-02
1.91e-02
1.92e-02
1.94e-02
1.96e-02
1.97e-02
1.99e-02
2.01e-02
2.02e-02
2.04e-02
2.06e-02
2.07e-02
2.09e-02
2.11e-02
2.13e-02
2.15e-02
2.16e-02
2.18e-02
2.20e-02
2.22e-02
2.24e-02
2.26e-02
2.28e-02
2.30e-02
2.32e-02
2.34e-02
2.36e-02
2.39e-02
2.41e-02
2.43e-02
2.45e-02
2.48e-02
2.50e-02
2.52e-02
2.55e-02
2.57e-02
2.59e-02
2.62e-02
2.64e-02
2.67e-02
2.70e-02
2.72e-02
2.75e-02
2.78e-02
2.80e-02
2.83e-02
2.86e-02
2.89e-02
2.92e-02
2.95e-02
2.98e-02
3.01e-02
3.04e-02
3.07e-02
3.11e-02
3.14e-02
3.17e-02
3.20e-02
3.24e-02
3.27e-02
3.31e-02
3.35e-02
3.38e-02
3.42e-02
3.46e-02
3.50e-02
3.54e-02
3.58e-02
3.62e-02
3.66e-02
3.70e-02
3.74e-02
3.79e-02
3.83e-02
3.88e-02
3.92e-02
3.97e-02
4.02e-02
4.07e-02
4.12e-02
4.17e-02
4.22e-02
4.27e-02
4.32e-02
4.38e-02
4.43e-02
4.49e-02
4.55e-02
4.61e-02
4.67e-02
4.73e-02
4.79e-02
4.86e-02
4.92e-02
4.99e-02
5.06e-02
5.13e-02
5.20e-02
5.27e-02
5.34e-02
5.42e-02
5.50e-02
5.58e-02
5.66e-02
5.74e-02
5.83e-02
5.91e-02
6.00e-02
6.09e-02
6.19e-02
6.28e-02
6.38e-02
6.48e-02
6.58e-02
6.69e-02
6.80e-02
6.91e-02
7.02e-02
7.14e-02
7.26e-02
7.38e-02
7.51e-02
7.63e-02
7.77e-02
7.90e-02
8.05e-02
8.19e-02
8.34e-02
8.49e-02
8.65e-02
8.81e-02
8.98e-02
9.15e-02
9.33e-02
9.52e-02
9.71e-02
9.90e-02
0.10102997
0.10311903
0.10527888
0.10751283
0.10982463
0.11221824
0.11469793
0.11726804
0.11993354
0.12269974
0.1255721
0.12855659
0.13165981
0.13488892
0.13825115
0.14175493
0.14540909
0.14922333
0.15320807
0.15737521
0.16173709
0.16630767
0.17110217
0.17613731
0.18143229
0.18700701
0.19288479
0.19909195
0.20565674
0.21261209
0.21999505
0.22784756
0.23621796
0.24516208
0.25474351
0.26503901
0.27613628
0.28814124
0.30118168
0.31541214
0.33102398
0.34825784
0.36742191
0.38892071
0.41330155
0.44133093
0.47414137
0.5135113
0.56253185
0.6274572
0.72552835
0.98755771
0.99602218
0.99702512
0.99747354
0.99773585
0.99790877
0.99803191
0.99812376
0.9981936
0.99824853
0.99829236
0.99832809
0.99835716
0.99838041
0.99839998
0.99841529
0.99842761
0.99843776
0.99844561
0.99845129
0.9984558
0.99845861
0.9984601
0.99846045
0.99846006
0.99845841
0.99845587
0.99845264
0.99844861
0.99844408
0.99843882
0.99843323
0.9984273
0.99842053
0.99841295
0.99840526
0.99839856
0.9983885
0.99837969
0.99836983
0.99836064
0.99835072
0.99834004
0.99832941
0.99831871
0.99830676
0.99829545
0.99828323
0.99827066
0.99825812
0.99824546
0.99823195
0.99821864
0.99820442
0.99819017
0.99817576
0.9981606
0.99814553
0.99813011
0.99811408
0.99809789
0.99808141
0.99806457
0.99804745
0.99803008
0.99801198
0.99799351
0.99797462
0.99795586
0.99793598
0.9979164
0.99789571
0.99787464
0.99785351
0.997832
0.99780943
0.9977865
0.99776323
0.99773942
0.99771523
0.99769025
0.99766452
0.99763798
0.99761119
0.99758329
0.9975553
0.99752596
0.99749632
0.99746539
0.99743369
0.99740148
0.99736779
0.99733304
0.99729772
0.99726103
0.99722347
0.99718431
0.99714425
0.99710233
0.99705884
0.99701417
0.99696821
0.99691953
0.9968712
0.99681754
0.99676334
0.99670703
0.99664763
0.99658593
0.9965211
0.99645294
0.99638158
0.99630683
0.99622718
0.99614376
0.99605511
0.99596008
0.99586001
0.99575271
0.99563757
0.99551427
0.99537992
0.99523571
0.99507767
0.99490411
0.9947133
0.99450109
0.99426343
0.99399429
0.99368669
0.99332905
0.99290783
0.99239997
0.99177068
0.9909613
0.98986522
0.98825771
0.98554877
0.97934693
0.90312829
0.7062838
0.61586941
0.55410594
0.50688258
0.4686861
0.43671099
0.40930747
0.38541531
0.3643087
0.34546582
0.32850025
0.3131157
0.29908046
0.2862089
0.27435102
0.26338384
0.25320439
0.24372563
0.23487379
0.2265869
0.21880981
0.21149547
0.20460246
0.19809471
0.19194046
0.18611083
0.18058078
0.17532731
0.17033047
0.16557162
0.16103422
0.1567034
0.15256528
0.14860741
0.14481854
0.14118836
0.13770715
0.13436602
0.13115696
0.12807253
0.12510581
0.12225046
0.11950033
0.11684984
0.11429399
0.11182804
0.1094473
0.10714801
0.10492563
0.10277709
0.10069863
9.87e-02
9.67e-02
9.49e-02
9.30e-02
9.13e-02
8.95e-02
8.79e-02
8.62e-02
8.47e-02
8.31e-02
8.17e-02
8.02e-02
7.88e-02
7.75e-02
7.61e-02
7.48e-02
7.36e-02
7.24e-02
7.12e-02
7.00e-02
6.89e-02
6.78e-02
6.67e-02
6.57e-02
6.46e-02
6.36e-02
6.27e-02
6.17e-02
6.08e-02
5.99e-02
5.90e-02
5.81e-02
5.73e-02
5.64e-02
5.56e-02
5.48e-02
5.41e-02
5.33e-02
5.26e-02
5.18e-02
5.11e-02
5.04e-02
4.98e-02
4.91e-02
4.84e-02
4.78e-02
4.72e-02
4.66e-02
4.60e-02
4.54e-02
4.48e-02
4.42e-02
4.37e-02
4.31e-02
4.26e-02
4.21e-02
4.16e-02
4.11e-02
4.06e-02
4.01e-02
3.96e-02
3.91e-02
3.87e-02
3.82e-02
3.78e-02
3.74e-02
3.69e-02
3.65e-02
3.61e-02
3.57e-02
3.53e-02
3.49e-02
3.45e-02
3.41e-02
3.38e-02
3.34e-02
3.30e-02
3.27e-02
3.23e-02
3.20e-02
3.16e-02
3.13e-02
3.10e-02
3.07e-02
3.04e-02
3.00e-02
2.97e-02
2.94e-02
2.91e-02
2.88e-02
2.86e-02
2.83e-02
2.80e-02
2.77e-02
2.74e-02
2.72e-02
2.69e-02
2.67e-02
2.64e-02
2.62e-02
2.59e-02
2.57e-02
2.54e-02
2.52e-02
2.49e-02
2.47e-02
2.45e-02
2.43e-02
2.40e-02
2.38e-02
2.36e-02
2.34e-02
2.32e-02
2.30e-02
2.28e-02
2.26e-02
2.24e-02
2.22e-02
2.20e-02
2.18e-02
2.16e-02
2.14e-02
2.12e-02
2.11e-02
2.09e-02
2.07e-02
2.05e-02
2.04e-02
2.02e-02
2.00e-02
1.99e-02
1.97e-02
1.95e-02
1.94e-02
1.92e-02
1.91e-02
1.89e-02
1.88e-02
1.86e-02
1.85e-02
1.83e-02
1.82e-02
1.80e-02
1.79e-02
1.77e-02
1.76e-02
1.75e-02
1.73e-02
1.72e-02
1.71e-02
1.69e-02
1.68e-02
1.67e-02
1.66e-02
1.64e-02
1.63e-02
1.62e-02
1.61e-02
1.60e-02
1.58e-02
1.57e-02
1.56e-02
1.55e-02
1.54e-02
1.53e-02
1.52e-02
1.51e-02
1.49e-02
1.48e-02
1.47e-02
1.46e-02
1.45e-02
1.44e-02
1.43e-02
1.42e-02
1.41e-02
1.40e-02
1.39e-02
1.38e-02
1.37e-02
1.36e-02
1.36e-02
1.35e-02
1.34e-02
1.33e-02
1.32e-02
1.31e-02
1.30e-02
1.29e-02
1.28e-02
1.28e-02
1.27e-02
1.26e-02
1.25e-02
1.24e-02
1.24e-02
1.23e-02
1.22e-02
1.21e-02
1.20e-02
1.20e-02
1.19e-02
1.18e-02
1.17e-02
1.17e-02
1.16e-02
1.15e-02
1.14e-02
1.14e-02
1.13e-02
1.12e-02
1.12e-02
1.11e-02
1.10e-02
1.10e-02
1.09e-02
1.08e-02
1.08e-02
1.07e-02
1.06e-02
1.06e-02
1.05e-02
1.04e-02
1.04e-02
1.03e-02
1.03e-02
1.02e-02
1.01e-02
1.01e-02
1.00e-02
9.97e-03
9.91e-03
9.86e-03
9.80e-03
9.74e-03
9.69e-03
9.63e-03
9.58e-03
9.52e-03
9.47e-03
9.42e-03
9.36e-03
9.31e-03
9.26e-03
9.21e-03
9.16e-03
9.11e-03
9.06e-03
9.01e-03
8.96e-03
8.91e-03
8.86e-03
8.81e-03
8.76e-03
8.71e-03
8.67e-03
8.62e-03
8.57e-03
8.53e-03
8.48e-03
8.44e-03
8.39e-03
8.35e-03
8.30e-03
8.26e-03
8.22e-03
8.17e-03
8.13e-03
8.09e-03
8.05e-03
8.01e-03
7.96e-03
7.92e-03
7.88e-03
7.84e-03
7.80e-03
7.76e-03
7.72e-03
7.68e-03
7.64e-03
7.61e-03
7.57e-03
7.53e-03
7.49e-03
7.45e-03
7.42e-03
7.38e-03
7.34e-03
7.31e-03
7.27e-03
7.24e-03
7.20e-03
7.16e-03
7.13e-03
7.09e-03
7.06e-03
7.03e-03
6.99e-03
6.96e-03
6.92e-03
6.89e-03
6.86e-03
6.83e-03
6.79e-03
6.76e-03
6.73e-03
6.70e-03
6.67e-03
6.63e-03
6.60e-03
6.57e-03
6.54e-03
6.51e-03
6.48e-03
6.45e-03
6.42e-03
6.39e-03
6.36e-03
6.33e-03
6.30e-03
6.27e-03
6.24e-03
6.22e-03
6.19e-03
6.16e-03
6.13e-03
6.10e-03
6.08e-03
6.05e-03
6.02e-03
6.00e-03
5.97e-03
5.94e-03
5.92e-03
5.89e-03
5.86e-03
5.84e-03
5.81e-03
5.79e-03
5.76e-03
5.74e-03
5.71e-03
5.69e-03
5.66e-03
5.64e-03
5.61e-03
5.59e-03
5.56e-03
5.54e-03
5.52e-03
5.49e-03
5.47e-03
5.45e-03
5.42e-03
5.40e-03
5.38e-03
5.35e-03
5.33e-03
5.31e-03
5.29e-03
5.26e-03
5.24e-03
5.22e-03
5.20e-03
5.18e-03
5.16e-03
5.13e-03
5.11e-03
5.09e-03
5.07e-03
5.05e-03
5.03e-03
5.01e-03
4.99e-03
4.97e-03
4.95e-03
4.93e-03
4.91e-03
4.89e-03
4.87e-03
4.85e-03
4.83e-03
4.81e-03
4.79e-03
4.77e-03
4.75e-03
4.73e-03
4.71e-03
4.70e-03
4.68e-03
4.66e-03
4.64e-03
4.62e-03
4.60e-03
4.59e-03
4.57e-03
4.55e-03
4.53e-03
4.52e-03
4.50e-03
4.48e-03
4.46e-03
4.45e-03
4.43e-03
4.41e-03
4.39e-03
4.38e-03
4.36e-03
4.34e-03
4.33e-03
4.31e-03
4.30e-03
4.28e-03
4.26e-03
4.25e-03
4.23e-03
4.22e-03
4.20e-03
4.18e-03
4.17e-03
4.15e-03
4.14e-03
4.12e-03
4.11e-03
4.09e-03
4.08e-03
4.06e-03
4.05e-03
4.03e-03
4.02e-03
4.00e-03
3.99e-03
3.97e-03
3.96e-03
3.94e-03
3.93e-03
3.92e-03
3.90e-03
3.89e-03
3.87e-03
3.86e-03
3.85e-03
3.83e-03
3.82e-03
3.81e-03
3.79e-03
3.78e-03
3.76e-03
3.75e-03
3.74e-03
3.72e-03
3.71e-03
3.70e-03
3.69e-03
3.67e-03
3.66e-03
3.65e-03
3.63e-03
3.62e-03
3.61e-03
3.60e-03
3.58e-03
3.57e-03
3.56e-03
3.55e-03
3.54e-03

