-20
-19.91
-19.82
-19.73
-19.639999
-19.549999
-19.459999
-19.370001
-19.280001
-19.190001
-19.1
-19.01
-18.92
-18.83
-18.74
-18.65
-18.559999
-18.469999
-18.379999
-18.290001
-18.200001
-18.110001
-18.02
-17.93
-17.84
-17.75
-17.66
-17.57
-17.48
-17.389999
-17.299999
-17.209999
-17.119999
-17.030001
-16.940001
-16.85
-16.76
-16.67
-16.58
-16.49
-16.4
-16.309999
-16.219999
-16.129999
-16.040001
-15.95
-15.86
-15.77
-15.68
-15.59
-15.5
-15.41
-15.32
-15.23
-15.139999
-15.049999
-14.96
-14.87
-14.78
-14.69
-14.6
-14.51
-14.42
-14.33
-14.24
-14.15
-14.059999
-13.969999
-13.879999
-13.79
-13.7
-13.61
-13.52
-13.43
-13.34
-13.25
-13.16
-13.07
-12.98
-12.889999
-12.799999
-12.709999
-12.62
-12.53
-12.44
-12.35
-12.26
-12.17
-12.08
-11.99
-11.9
-11.809999
-11.719999
-11.63
-11.54
-11.45
-11.36
-11.27
-11.179999
-11.089999
-11
-10.91
-10.82
-10.73
-10.639999
-10.549999
-10.46
-10.37
-10.28
-10.19
-10.099999
-10.009999
-9.9200001
-9.8299999
-9.7399998
-9.6499996
-9.5599995
-9.4699993
-9.3799992
-9.29
-9.1999998
-9.1099997
-9.0199995
-8.9299994
-8.8399992
-8.75
-8.6599998
-8.5699997
-8.4799995
-8.3899994
-8.2999992
-8.2099991
-8.1199999
-8.0299997
-7.9399996
-7.8499994
-7.7599993
-7.6699991
-7.5799999
-7.4899998
-7.3999996
-7.3099995
-7.2199993
-7.1299992
-7.039999
-6.9499998
-6.8599997
-6.7699995
-6.6799994
-6.5899992
-6.499999
-6.4099998
-6.3199997
-6.2299995
-6.1399994
-6.0499992
-5.9599991
-5.8699999
-5.7799997
-5.6899996
-5.5999994
-5.5099993
-5.4199991
-5.329999
-5.2399998
-5.1499996
-5.0599995
-4.9699993
-4.8799992
-4.789999
-4.6999998
-4.6099997
-4.5199995
-4.4299994
-4.3399992
-4.249999
-4.1599998
-4.0699997
-3.9799995
-3.8899994
-3.7999992
-3.7099991
-3.6199989
-3.5299988
-3.4399986
-3.3499985
-3.2600002
-3.1700001
-3.0799999
-2.9899998
-2.8999996
-2.8099995
-2.7199993
-2.6299992
-2.539999
-2.4499989
-2.3599987
-2.2699986
-2.1799984
-2.0900002
-2
-1.9099998
-1.8199997
-1.7299995
-1.6399994
-1.5499992
-1.4599991
-1.3699989
-1.2799988
-1.1899986
-1.0999985
-1.0099983
-0.92000008
-0.82999992
-0.73999977
-0.64999962
-0.55999947
-0.46999931
-0.37999916
-0.28999901
-0.19999886
-0.1099987
-2.00E-02
7.00E-02
0.15999985
0.25
0.34000015
0.43000031
0.52000046
0.61000061
0.70000076
0.79000092
0.88000107
0.97000122
1.0600014
1.1500015
1.2400017
1.3299999
1.4200001
1.5100002
1.6000004
1.6900005
1.7800007
1.8700008
1.960001
2.0500011
2.1400013
2.2300014
2.3200016
2.4100018
2.5
2.5900002
2.6800003
2.7700005
2.8600006
2.9500008
3.0400009
3.1300011
3.2200012
3.3100014
3.4000015
3.4900017
3.5800018
3.6700001
3.7600002
3.8500004
3.9400005
4.0300007
4.1200008
4.210001
4.3000011
4.3900013
4.4800014
4.5700016
4.6600018
4.7500019
4.8400002
4.9300003
5.0200005
5.1100006
5.2000008
5.2900009
5.3800011
5.4700012
5.5600014
5.6500015
5.7400017
5.8300018
5.920002
6.0100002
6.1000004
6.1900005
6.2800007
6.3700008
6.460001
6.5500011
6.6400013
6.7300014
6.8200016
6.9100018
7.0000019
7.0900002
7.1800003
7.2700005
7.3600006
7.4500008
7.5400009
7.6300011
7.7200012
7.8100014
7.9000015
7.9900017
8.0800018
8.170002
8.2600002
8.3500004
8.4400005
8.5300007
8.6200008
8.710001
8.8000011
8.8900013
8.9800014
9.0700016
9.1600018
9.2500019
9.3400021
9.4300003
9.5200005
9.6100006
9.7000008
9.7900009
9.8800011
9.9700012
10.060001
10.150002
10.240002
10.330002
10.420002
10.510002
10.6
10.690001
10.780001
10.870001
10.960001
11.050001
11.140001
11.230001
11.320002
11.410002
11.500002
11.590002
11.68
11.77
11.860001
11.950001
12.040001
12.130001
12.220001
12.310001
12.400002
12.490002
12.580002
12.670002
12.760002
12.850002
12.940002
13.030003
13.120003
13.210003
13.300003
13.390003
13.48
13.57
13.66
13.75
13.84
13.93
14.02
14.110001
14.200001
14.290001
14.380001
14.470001
14.560001
14.650002
14.740002
14.830002
14.920002
15.010002
15.100002
15.190002
15.280003
15.370003
15.460003
15.550003
15.640003
15.73
15.82
15.91
16
16.09
16.18
16.27
16.360001
16.450001
16.540001
16.630001
16.720001
16.810001
16.900002
16.990002
17.080002
17.170002
17.260002
17.350002
17.440002
17.530003
17.620003
17.710003
17.800003
17.890003
17.980003
18.07
18.16
18.25
18.34
18.43
18.52
18.610001
18.700001
18.790001
18.880001
18.970001
19.060001
19.150002
19.240002
19.330002
19.420002
19.510002
19.600002
19.690002
19.780003
19.870003
19.960003
20.050003
20.140003
20.230003
20.32
20.41
20.5
20.59
20.68
20.77
20.860001
20.950001
21.040001
21.130001
21.220001
21.310001
21.400002
21.490002
21.580002
21.670002
21.760002
21.850002
21.940002
22.030003
22.120003
22.210003
22.300003
22.390003
22.480003
22.570004
22.66
22.75
22.84
22.93
23.02
23.110001
23.200001
23.290001
23.380001
23.470001
23.560001
23.650002
23.740002
23.830002
23.920002
24.010002
24.100002
24.190002
24.280003
24.370003
24.460003
24.550003
24.640003
24.730003
24.820004
24.910004
25
25.09
25.18
25.27
25.360001
25.450001
25.540001
25.630001
25.720001
25.810001
25.900002
25.990002
26.080002
26.170002
26.260002
26.350002
26.440002
26.530003
26.620003
26.710003
26.800003
26.890003
26.980003
27.070004
27.160004
27.25
27.34
27.43
27.52
27.610001
27.700001
27.790001
27.880001
27.970001
28.060001
28.150002
28.240002
28.330002
28.420002
28.510002
28.600002
28.690002
28.780003
28.870003
28.960003
29.050003
29.140003
29.230003
29.320004
29.410004
29.500004
29.59
29.68
29.77
29.860001
29.950001
30.040001
30.130001
30.220001
30.310001
30.400002
30.490002
30.580002
30.670002
30.760002
30.850002
30.940002
31.030003
31.120003
31.210003
31.300003
31.390003
31.480003
31.570004
31.660004
31.750004
31.840004
31.93
32.02
32.110001
32.200001
32.290001
32.380001
32.470001
32.560001
32.650002
32.740002
32.830002
32.920002
33.010002
33.100002
33.190002
33.280003
33.370003
33.460003
33.550003
33.640003
33.730003
33.820004
33.910004
34.000004
34.090004
34.18
34.27
34.360001
34.450001
34.540001
34.630001
34.720001
34.810001
34.900002
34.990002
35.080002
35.170002
35.260002
35.350002
35.440002
35.530003
35.620003
35.710003
35.800003
35.890003
35.980003
36.070004
36.160004
36.250004
36.340004
36.430004
36.52
36.610001
36.700001
36.790001
36.880001
36.970001
37.060001
37.150002
37.240002
37.330002
37.420002
37.510002
37.600002
37.690002
37.780003
37.870003
37.960003
38.050003
38.140003
38.230003
38.320004
38.410004
38.500004
38.590004
38.680004
38.77
38.860001
38.950001
39.040001
39.130001
39.220001
39.310001
39.400002
39.490002
39.580002
39.670002
39.760002
39.850002
39.940002
40.030003
40.120003
40.210003
40.300003
40.390003
40.480003
40.570004
40.660004
40.750004
40.840004
40.930004
41.020004
41.110001
41.200001
41.290001
41.380001
41.470001
41.560001
41.650002
41.740002
41.830002
41.920002
42.010002
42.100002
42.190002
42.280003
42.370003
42.460003
42.550003
42.640003
42.730003
42.820004
42.910004
43.000004
43.090004
43.180004
43.270004
43.360001
43.450001
43.540001
43.630001
43.720001
43.810001
43.900002
43.990002
44.080002
44.170006
44.260002
44.350006
44.440002
44.529999
44.620003
44.709999
44.800003
44.889999
44.980003
45.07
45.160004
45.25
45.340004
45.43
45.520004
45.610001
45.700005
45.790001
45.880005
45.970001
46.060005
46.150002
46.240005
46.330002
46.420006
46.510002
46.600006
46.690002
46.780006
46.870003
46.959999
47.050003
47.139999
47.230003
47.32
47.410004
47.5
47.590004
47.68
47.770004
47.860001
47.950005
48.040001
48.130005
48.220001
48.310005
48.400002
48.490005
48.580002
48.670006
48.760002
48.850006
48.940002
49.030006
49.120003
49.209999
49.300003
49.389999
49.480003
49.57
49.660004
49.75
49.840004
49.93
50.020004
50.110001
50.200005
50.290001
50.380005
50.470001
50.560005
50.650002
50.740005
50.830002
50.920006
51.010002
51.100006
51.190002
51.280006
51.370003
51.459999
51.550003
51.639999
51.730003
51.82
51.910004
52
52.090004
52.18
52.270004
52.360001
52.450005
52.540001
52.630005
52.720001
52.810005
52.900002
52.990005
53.080002
53.170006
53.260002
53.350006
53.440002
53.530006
53.620003
53.710007
53.800003
53.889999
53.980003
54.07
54.160004
54.25
54.340004
54.43
54.520004
54.610001
54.700005
54.790001
54.880005
54.970001
55.060005
55.150002
55.240005
55.330002
55.420006
55.510002
55.600006
55.690002
55.780006
55.870003
55.960007
56.050003
56.139999
56.230003
56.32
56.410004
56.5
56.590004
56.68
56.770004
56.860001
56.950005
57.040001
57.130005
57.220001
57.310005
57.400002
57.490005
57.580002
57.670006
57.760002
57.850006
57.940002
58.030006
58.120003
58.210007
58.300003
58.389999
58.480003
58.57
58.660004
58.75
58.840004
58.93
59.020004
59.110001
59.200005
59.290001
59.380005
59.470001
59.560005
59.650002
59.740005
59.830002
59.920006
60.010002
60.100006
60.190002
60.280006
60.370003
60.460007
60.550003
60.639999
60.730003
60.82
60.910004
61
61.090004
61.18
61.270004
61.360001
61.450005
61.540001
61.630005
61.720001
61.810005
61.900002
61.990005
62.080002
62.170006
62.260002
62.350006
62.440002
62.530006
62.620003
62.710007
62.800003
62.890007
62.980003
63.07
63.160004
63.25
63.340004
63.43
63.520004
63.610001
63.700005
63.790001
63.880005
63.970001
64.060005
64.150002
64.240005
64.330002
64.420006
64.510002
64.600006
64.690002
64.780006
64.870003
64.960007
65.050003
65.140007
65.230003
65.32
65.410004
65.5
65.590004
65.68
65.770004
65.860001
65.950005
66.040001
66.130005
66.220001
66.310005
66.400002
66.490005
66.580002
66.670006
66.760002
66.850006
66.940002
67.030006
67.120003
67.210007
67.300003
67.390007
67.480003
67.57
67.660004
67.75
67.840004
67.93
68.020004
68.110001
68.200005
68.290001
68.380005
68.470001
68.560005
68.650002
68.740005
68.830002
68.920006
69.010002
69.100006
69.190002
69.280006
69.370003
69.460007
69.550003
69.640007
69.730003
69.820007
69.910004
70

