8.89e-03
8.94e-03
8.99e-03
9.05e-03
9.10e-03
9.15e-03
9.21e-03
9.27e-03
9.32e-03
9.38e-03
9.44e-03
9.49e-03
9.55e-03
9.61e-03
9.67e-03
9.73e-03
9.79e-03
9.85e-03
9.91e-03
9.97e-03
1.00e-02
1.01e-02
1.02e-02
1.02e-02
1.03e-02
1.04e-02
1.04e-02
1.05e-02
1.06e-02
1.06e-02
1.07e-02
1.08e-02
1.08e-02
1.09e-02
1.10e-02
1.11e-02
1.11e-02
1.12e-02
1.13e-02
1.14e-02
1.14e-02
1.15e-02
1.16e-02
1.17e-02
1.17e-02
1.18e-02
1.19e-02
1.20e-02
1.21e-02
1.22e-02
1.22e-02
1.23e-02
1.24e-02
1.25e-02
1.26e-02
1.27e-02
1.28e-02
1.29e-02
1.30e-02
1.30e-02
1.31e-02
1.32e-02
1.33e-02
1.34e-02
1.35e-02
1.36e-02
1.37e-02
1.38e-02
1.39e-02
1.40e-02
1.41e-02
1.42e-02
1.44e-02
1.45e-02
1.46e-02
1.47e-02
1.48e-02
1.49e-02
1.50e-02
1.51e-02
1.53e-02
1.54e-02
1.55e-02
1.56e-02
1.58e-02
1.59e-02
1.60e-02
1.61e-02
1.63e-02
1.64e-02
1.65e-02
1.67e-02
1.68e-02
1.69e-02
1.71e-02
1.72e-02
1.74e-02
1.75e-02
1.77e-02
1.78e-02
1.80e-02
1.81e-02
1.83e-02
1.84e-02
1.86e-02
1.87e-02
1.89e-02
1.91e-02
1.92e-02
1.94e-02
1.96e-02
1.98e-02
1.99e-02
2.01e-02
2.03e-02
2.05e-02
2.07e-02
2.09e-02
2.11e-02
2.12e-02
2.14e-02
2.16e-02
2.19e-02
2.21e-02
2.23e-02
2.25e-02
2.27e-02
2.29e-02
2.31e-02
2.34e-02
2.36e-02
2.38e-02
2.41e-02
2.43e-02
2.45e-02
2.48e-02
2.50e-02
2.53e-02
2.56e-02
2.58e-02
2.61e-02
2.64e-02
2.66e-02
2.69e-02
2.72e-02
2.75e-02
2.78e-02
2.81e-02
2.84e-02
2.87e-02
2.90e-02
2.93e-02
2.96e-02
3.00e-02
3.03e-02
3.06e-02
3.10e-02
3.13e-02
3.17e-02
3.21e-02
3.24e-02
3.28e-02
3.32e-02
3.36e-02
3.40e-02
3.44e-02
3.48e-02
3.52e-02
3.57e-02
3.61e-02
3.66e-02
3.70e-02
3.75e-02
3.80e-02
3.84e-02
3.89e-02
3.94e-02
3.99e-02
4.05e-02
4.10e-02
4.15e-02
4.21e-02
4.27e-02
4.32e-02
4.38e-02
4.44e-02
4.50e-02
4.57e-02
4.63e-02
4.70e-02
4.76e-02
4.83e-02
4.90e-02
4.98e-02
5.05e-02
5.12e-02
5.20e-02
5.28e-02
5.36e-02
5.44e-02
5.53e-02
5.61e-02
5.70e-02
5.79e-02
5.89e-02
5.98e-02
6.08e-02
6.18e-02
6.28e-02
6.39e-02
6.50e-02
6.61e-02
6.72e-02
6.84e-02
6.96e-02
7.09e-02
7.21e-02
7.35e-02
7.48e-02
7.62e-02
7.77e-02
7.91e-02
8.07e-02
8.22e-02
8.39e-02
8.55e-02
8.73e-02
8.90e-02
9.09e-02
9.28e-02
9.48e-02
9.68e-02
9.89e-02
1.01e-01
0.10334288
0.10568797
0.1081204
0.11064487
0.11326656
0.1159909
0.11882378
0.12177156
0.12484111
0.12803986
0.13137585
0.13485786
0.13849541
0.14229885
0.14627957
0.15044996
0.15482362
0.15941571
0.16424274
0.16932311
0.17467723
0.18032779
0.18630025
0.1926232
0.19932888
0.20645381
0.21403954
0.22213375
0.23079129
0.24007562
0.25006147
0.26083637
0.27250442
0.28519097
0.29904835
0.31426449
0.33107505
0.3497812
0.37077668
0.39459145
0.42196426
0.45397366
0.49229451
0.53977515
0.60197771
0.69298323
0.88646063
0.97586163
0.98265186
0.98545513
0.98704008
0.98806908
0.98879134
0.9893239
0.98972991
0.99004665
0.9902978
0.99049916
0.99066163
0.99079308
0.99089933
0.99098482
0.99105297
0.99110635
0.99114708
0.99117689
0.99119717
0.99120902
0.99121346
0.99121118
0.99120303
0.99118935
0.99117076
0.99114763
0.99112037
0.99108918
0.99105438
0.99101627
0.99097498
0.99093065
0.99088347
0.99083362
0.9907811
0.99072612
0.99066874
0.99060907
0.99054698
0.99048273
0.99041629
0.99034768
0.99027701
0.99020415
0.9901293
0.99005234
0.98997329
0.98989221
0.98980899
0.98972375
0.98963636
0.98954688
0.98945519
0.98936136
0.98926529
0.98916698
0.98906631
0.98896333
0.98885797
0.98875013
0.98863978
0.98852683
0.98841121
0.98829281
0.98817156
0.98804751
0.98792033
0.98779007
0.98765659
0.9875197
0.98737933
0.98723535
0.98708757
0.98693591
0.98678016
0.98662014
0.98645562
0.98628641
0.98611228
0.98593309
0.98574845
0.98555811
0.98536186
0.98515925
0.98495004
0.98473372
0.98450997
0.98427837
0.9840383
0.98378939
0.98353095
0.98326231
0.9829829
0.98269176
0.98238815
0.98207107
0.98173951
0.9813922
0.98102792
0.98064505
0.98024195
0.97981675
0.97936722
0.97889094
0.97838498
0.97784607
0.9772703
0.97665317
0.97598931
0.97527229
0.97449454
0.9736465
0.97271684
0.97169105
0.97055107
0.96927345
0.96782732
0.96617139
0.96424847
0.96197662
0.95923404
0.95582934
0.95144103
0.94547655
0.93668812
0.92184123
0.88898633
0.78846479
0.66785101
0.58782346
0.52989069
0.48470976
0.44783868
0.41683296
0.3901981
0.36694943
0.34640235
0.32806024
0.31155088
0.296588
0.28294641
0.2704463
0.25893994
0.2483069
0.23844633
0.2292732
0.22071531
0.21271066
0.20520576
0.1981542
0.19151527
0.18525325
0.17933663
0.1737374
0.16843062
0.16339393
0.15860736
0.15405283
0.14971405
0.14557619
0.14162589
0.13785086
0.13423996
0.13078293
0.12747041
0.12429374
0.12124513
0.11831697
0.11550262
0.11279579
0.11019068
0.1076819
0.10526435
0.10293341
0.10068469
9.85e-02
9.64e-02
9.44e-02
9.24e-02
9.05e-02
8.87e-02
8.69e-02
8.52e-02
8.36e-02
8.19e-02
8.04e-02
7.89e-02
7.74e-02
7.60e-02
7.46e-02
7.32e-02
7.19e-02
7.06e-02
6.94e-02
6.82e-02
6.70e-02
6.59e-02
6.48e-02
6.37e-02
6.26e-02
6.16e-02
6.06e-02
5.96e-02
5.87e-02
5.77e-02
5.68e-02
5.60e-02
5.51e-02
5.43e-02
5.34e-02
5.26e-02
5.19e-02
5.11e-02
5.03e-02
4.96e-02
4.89e-02
4.82e-02
4.75e-02
4.68e-02
4.62e-02
4.55e-02
4.49e-02
4.43e-02
4.37e-02
4.31e-02
4.25e-02
4.20e-02
4.14e-02
4.09e-02
4.04e-02
3.98e-02
3.93e-02
3.88e-02
3.83e-02
3.79e-02
3.74e-02
3.69e-02
3.65e-02
3.60e-02
3.56e-02
3.52e-02
3.47e-02
3.43e-02
3.39e-02
3.35e-02
3.31e-02
3.27e-02
3.24e-02
3.20e-02
3.16e-02
3.13e-02
3.09e-02
3.06e-02
3.02e-02
2.99e-02
2.96e-02
2.92e-02
2.89e-02
2.86e-02
2.83e-02
2.80e-02
2.77e-02
2.74e-02
2.71e-02
2.68e-02
2.66e-02
2.63e-02
2.60e-02
2.58e-02
2.55e-02
2.52e-02
2.50e-02
2.47e-02
2.45e-02
2.42e-02
2.40e-02
2.38e-02
2.35e-02
2.33e-02
2.31e-02
2.29e-02
2.26e-02
2.24e-02
2.22e-02
2.20e-02
2.18e-02
2.16e-02
2.14e-02
2.12e-02
2.10e-02
2.08e-02
2.06e-02
2.04e-02
2.03e-02
2.01e-02
1.99e-02
1.97e-02
1.95e-02
1.94e-02
1.92e-02
1.90e-02
1.89e-02
1.87e-02
1.85e-02
1.84e-02
1.82e-02
1.81e-02
1.79e-02
1.78e-02
1.76e-02
1.75e-02
1.73e-02
1.72e-02
1.70e-02
1.69e-02
1.68e-02
1.66e-02
1.65e-02
1.64e-02
1.62e-02
1.61e-02
1.60e-02
1.58e-02
1.57e-02
1.56e-02
1.55e-02
1.53e-02
1.52e-02
1.51e-02
1.50e-02
1.49e-02
1.48e-02
1.47e-02
1.45e-02
1.44e-02
1.43e-02
1.42e-02
1.41e-02
1.40e-02
1.39e-02
1.38e-02
1.37e-02
1.36e-02
1.35e-02
1.34e-02
1.33e-02
1.32e-02
1.31e-02
1.30e-02
1.29e-02
1.28e-02
1.27e-02
1.26e-02
1.26e-02
1.25e-02
1.24e-02
1.23e-02
1.22e-02
1.21e-02
1.20e-02
1.20e-02
1.19e-02
1.18e-02
1.17e-02
1.16e-02
1.16e-02
1.15e-02
1.14e-02
1.13e-02
1.13e-02
1.12e-02
1.11e-02
1.10e-02
1.10e-02
1.09e-02
1.08e-02
1.07e-02
1.07e-02
1.06e-02
1.05e-02
1.05e-02
1.04e-02
1.03e-02
1.03e-02
1.02e-02
1.01e-02
1.01e-02
1.00e-02
9.95e-03
9.89e-03
9.83e-03
9.77e-03
9.71e-03
9.65e-03
9.59e-03
9.53e-03
9.47e-03
9.41e-03
9.36e-03
9.30e-03
9.24e-03
9.19e-03
9.13e-03
9.08e-03
9.02e-03
8.97e-03
8.92e-03
8.87e-03
8.81e-03
8.76e-03
8.71e-03
8.66e-03
8.61e-03
8.56e-03
8.51e-03
8.46e-03
8.41e-03
8.36e-03
8.32e-03
8.27e-03
8.22e-03
8.18e-03
8.13e-03
8.08e-03
8.04e-03
7.99e-03
7.95e-03
7.90e-03
7.86e-03
7.82e-03
7.77e-03
7.73e-03
7.69e-03
7.65e-03
7.60e-03
7.56e-03
7.52e-03
7.48e-03
7.44e-03
7.40e-03
7.36e-03
7.32e-03
7.28e-03
7.24e-03
7.20e-03
7.17e-03
7.13e-03
7.09e-03
7.05e-03
7.02e-03
6.98e-03
6.94e-03
6.91e-03
6.87e-03
6.84e-03
6.80e-03
6.77e-03
6.73e-03
6.70e-03
6.66e-03
6.63e-03
6.60e-03
6.56e-03
6.53e-03
6.50e-03
6.46e-03
6.43e-03
6.40e-03
6.37e-03
6.33e-03
6.30e-03
6.27e-03
6.24e-03
6.21e-03
6.18e-03
6.15e-03
6.12e-03
6.09e-03
6.06e-03
6.03e-03
6.00e-03
5.97e-03
5.94e-03
5.92e-03
5.89e-03
5.86e-03
5.83e-03
5.80e-03
5.78e-03
5.75e-03
5.72e-03
5.69e-03
5.67e-03
5.64e-03
5.61e-03
5.59e-03
5.56e-03
5.54e-03
5.51e-03
5.48e-03
5.46e-03
5.43e-03
5.41e-03
5.38e-03
5.36e-03
5.34e-03
5.31e-03
5.29e-03
5.26e-03
5.24e-03
5.22e-03
5.19e-03
5.17e-03
5.15e-03
5.12e-03
5.10e-03
5.08e-03
5.05e-03
5.03e-03
5.01e-03
4.99e-03
4.97e-03
4.94e-03
4.92e-03
4.90e-03
4.88e-03
4.86e-03
4.84e-03
4.82e-03
4.80e-03
4.77e-03
4.75e-03
4.73e-03
4.71e-03
4.69e-03
4.67e-03
4.65e-03
4.63e-03
4.61e-03
4.59e-03
4.57e-03
4.56e-03
4.54e-03
4.52e-03
4.50e-03
4.48e-03
4.46e-03
4.44e-03
4.42e-03
4.41e-03
4.39e-03
4.37e-03
4.35e-03
4.33e-03
4.32e-03
4.30e-03
4.28e-03
4.26e-03
4.25e-03
4.23e-03
4.21e-03
4.19e-03
4.18e-03
4.16e-03
4.14e-03
4.13e-03
4.11e-03
4.09e-03
4.08e-03
4.06e-03
4.05e-03
4.03e-03
4.01e-03
4.00e-03
3.98e-03
3.97e-03
3.95e-03
3.94e-03
3.92e-03
3.90e-03
3.89e-03
3.87e-03
3.86e-03
3.84e-03
3.83e-03
3.81e-03
3.80e-03
3.79e-03
3.77e-03
3.76e-03
3.74e-03
3.73e-03
3.71e-03
3.70e-03
3.69e-03
3.67e-03
3.66e-03
3.64e-03
3.63e-03
3.62e-03
3.60e-03
3.59e-03
3.58e-03
3.56e-03
3.55e-03
3.54e-03
3.52e-03
3.51e-03
3.50e-03
3.48e-03
3.47e-03
3.46e-03
3.45e-03
3.43e-03
3.42e-03
3.41e-03
3.40e-03
3.38e-03
3.37e-03
3.36e-03
3.35e-03
3.34e-03
3.32e-03
3.31e-03
3.30e-03
3.29e-03
3.28e-03
3.26e-03
3.25e-03
3.24e-03
3.23e-03
3.22e-03
3.21e-03
3.20e-03
3.18e-03
3.17e-03
3.16e-03
3.15e-03
3.14e-03
3.13e-03
3.12e-03
3.11e-03
3.10e-03
3.09e-03
3.07e-03
3.06e-03
3.05e-03
3.04e-03
3.03e-03
3.02e-03
3.01e-03
3.00e-03
2.99e-03
2.98e-03
2.97e-03
2.96e-03
2.95e-03
2.94e-03
2.93e-03
2.92e-03
2.91e-03
2.90e-03
2.89e-03
2.88e-03
2.87e-03
2.86e-03
2.85e-03
2.84e-03
2.83e-03
2.83e-03
2.82e-03
2.81e-03
2.80e-03
2.79e-03
2.78e-03
2.77e-03
2.76e-03
2.75e-03
2.74e-03
2.73e-03
2.72e-03
2.72e-03
2.71e-03
2.70e-03
2.69e-03
2.68e-03
2.67e-03
2.66e-03
2.66e-03
2.65e-03
2.64e-03
2.63e-03
2.62e-03
2.61e-03
2.60e-03
2.60e-03
2.59e-03
2.58e-03
2.57e-03
2.56e-03
2.56e-03
2.55e-03
2.54e-03
2.53e-03
2.52e-03
2.52e-03
2.51e-03
2.50e-03
2.49e-03
2.48e-03
2.48e-03
2.47e-03
2.46e-03
2.45e-03
2.45e-03
2.44e-03
2.43e-03
2.42e-03
2.42e-03

