1.05e-02
1.05e-02
1.06e-02
1.06e-02
1.07e-02
1.08e-02
1.08e-02
1.09e-02
1.10e-02
1.10e-02
1.11e-02
1.12e-02
1.12e-02
1.13e-02
1.14e-02
1.14e-02
1.15e-02
1.16e-02
1.16e-02
1.17e-02
1.18e-02
1.18e-02
1.19e-02
1.20e-02
1.21e-02
1.21e-02
1.22e-02
1.23e-02
1.23e-02
1.24e-02
1.25e-02
1.26e-02
1.27e-02
1.27e-02
1.28e-02
1.29e-02
1.30e-02
1.31e-02
1.31e-02
1.32e-02
1.33e-02
1.34e-02
1.35e-02
1.36e-02
1.37e-02
1.38e-02
1.38e-02
1.39e-02
1.40e-02
1.41e-02
1.42e-02
1.43e-02
1.44e-02
1.45e-02
1.46e-02
1.47e-02
1.48e-02
1.49e-02
1.50e-02
1.51e-02
1.52e-02
1.53e-02
1.54e-02
1.55e-02
1.56e-02
1.57e-02
1.58e-02
1.60e-02
1.61e-02
1.62e-02
1.63e-02
1.64e-02
1.65e-02
1.66e-02
1.68e-02
1.69e-02
1.70e-02
1.71e-02
1.73e-02
1.74e-02
1.75e-02
1.76e-02
1.78e-02
1.79e-02
1.80e-02
1.82e-02
1.83e-02
1.85e-02
1.86e-02
1.87e-02
1.89e-02
1.90e-02
1.92e-02
1.93e-02
1.95e-02
1.96e-02
1.98e-02
1.99e-02
2.01e-02
2.03e-02
2.04e-02
2.06e-02
2.08e-02
2.09e-02
2.11e-02
2.13e-02
2.14e-02
2.16e-02
2.18e-02
2.20e-02
2.22e-02
2.23e-02
2.25e-02
2.27e-02
2.29e-02
2.31e-02
2.33e-02
2.35e-02
2.37e-02
2.39e-02
2.41e-02
2.43e-02
2.46e-02
2.48e-02
2.50e-02
2.52e-02
2.54e-02
2.57e-02
2.59e-02
2.61e-02
2.64e-02
2.66e-02
2.69e-02
2.71e-02
2.74e-02
2.76e-02
2.79e-02
2.81e-02
2.84e-02
2.87e-02
2.90e-02
2.92e-02
2.95e-02
2.98e-02
3.01e-02
3.04e-02
3.07e-02
3.10e-02
3.13e-02
3.16e-02
3.20e-02
3.23e-02
3.26e-02
3.29e-02
3.33e-02
3.36e-02
3.40e-02
3.43e-02
3.47e-02
3.51e-02
3.55e-02
3.58e-02
3.62e-02
3.66e-02
3.70e-02
3.74e-02
3.78e-02
3.83e-02
3.87e-02
3.91e-02
3.96e-02
4.00e-02
4.05e-02
4.10e-02
4.14e-02
4.19e-02
4.24e-02
4.29e-02
4.34e-02
4.40e-02
4.45e-02
4.50e-02
4.56e-02
4.61e-02
4.67e-02
4.73e-02
4.79e-02
4.85e-02
4.91e-02
4.98e-02
5.04e-02
5.11e-02
5.17e-02
5.24e-02
5.31e-02
5.38e-02
5.46e-02
5.53e-02
5.61e-02
5.69e-02
5.76e-02
5.85e-02
5.93e-02
6.01e-02
6.10e-02
6.19e-02
6.28e-02
6.37e-02
6.47e-02
6.57e-02
6.67e-02
6.77e-02
6.87e-02
6.98e-02
7.09e-02
7.20e-02
7.32e-02
7.44e-02
7.56e-02
7.68e-02
7.81e-02
7.94e-02
8.08e-02
8.21e-02
8.36e-02
8.50e-02
8.65e-02
8.81e-02
8.97e-02
9.13e-02
9.30e-02
9.47e-02
9.65e-02
9.84e-02
0.10025237
0.10221319
0.10423666
0.10632564
0.1084833
0.11071288
0.11301787
0.11540201
0.11786924
0.12042383
0.12307033
0.12581359
0.12865883
0.1316117
0.13467818
0.13786481
0.1411785
0.144627
0.14821841
0.15196168
0.15586648
0.15994333
0.16420378
0.16866037
0.17332698
0.17821874
0.18335247
0.18874663
0.19442188
0.20040089
0.20670956
0.21337648
0.220434
0.22791878
0.23587244
0.24434279
0.25338467
0.26306177
0.27344848
0.28463239
0.29671759
0.30982937
0.32411966
0.33977708
0.35703735
0.37620246
0.39766844
0.42196979
0.44985542
0.48242587
0.52140945
0.56978939
0.6335591
0.72878726
0.92345925
0.9701262
0.97762944
0.98102217
0.98301448
0.98433827
0.98528344
0.98599058
0.98653683
0.98696877
0.98731592
0.98759849
0.98783036
0.98802169
0.98817997
0.98831099
0.98841909
0.98850779
0.98857987
0.98863755
0.98868261
0.98871675
0.98874111
0.98875672
0.98876458
0.98876531
0.98875964
0.98874823
0.98873147
0.98870969
0.98868345
0.98865299
0.98861852
0.98858039
0.9885388
0.9884939
0.98844591
0.98839495
0.98834111
0.98828464
0.98822544
0.98816383
0.98809977
0.98803333
0.98796458
0.98789357
0.98782039
0.98774503
0.98766751
0.98758795
0.98750625
0.9874225
0.98733675
0.98724885
0.98715901
0.98706702
0.98697299
0.98687698
0.98677878
0.98667866
0.98657636
0.98647187
0.98636526
0.98625648
0.98614544
0.98603219
0.9859166
0.98579871
0.98567834
0.98555558
0.98543034
0.98530256
0.98517215
0.98503897
0.98490306
0.98476438
0.98462271
0.98447802
0.98433028
0.98417932
0.98402507
0.98386739
0.98370619
0.98354136
0.98337277
0.98320023
0.9830236
0.9828428
0.98265754
0.98246772
0.98227314
0.98207366
0.98186892
0.98165883
0.98144302
0.98122137
0.98099348
0.98075906
0.98051787
0.98026951
0.98001359
0.97974971
0.97947753
0.97919644
0.97890601
0.9786057
0.97829489
0.97797287
0.97763904
0.97729255
0.97693264
0.97655825
0.9761684
0.97576197
0.97533775
0.97489427
0.97442996
0.97394317
0.97343188
0.97289393
0.97232675
0.97172763
0.97109327
0.97041994
0.96970339
0.9689387
0.96811989
0.96724023
0.96629154
0.96526403
0.96414577
0.96292233
0.96157574
0.9600832
0.95841591
0.95653614
0.95439353
0.95191944
0.94901729
0.94554556
0.94128756
0.93589093
0.92873588
0.91860924
0.90274229
0.87330479
0.8068337
0.70565914
0.62492461
0.56515352
0.5184401
0.48032089
0.44826249
0.42070852
0.39663588
0.37533554
0.35629466
0.3391307
0.32354955
0.30932068
0.29626024
0.28421735
0.27306926
0.26271315
0.25306242
0.24404356
0.2355934
0.2276575
0.22018854
0.21314518
0.20649097
0.20019374
0.194225
0.18855922
0.18317368
0.17804791
0.17316344
0.16850356
0.16405317
0.15979849
0.15572698
0.15182719
0.14808857
0.14450151
0.14105711
0.13774717
0.13456429
0.13150121
0.12855155
0.12570931
0.12296892
0.12032513
0.11777311
0.1153083
0.11292653
0.11062374
0.10839626
0.10624063
0.10415352
0.10213188
0.10017282
9.83e-02
9.64e-02
9.46e-02
9.29e-02
9.12e-02
8.96e-02
8.80e-02
8.65e-02
8.50e-02
8.35e-02
8.21e-02
8.07e-02
7.93e-02
7.80e-02
7.68e-02
7.55e-02
7.43e-02
7.31e-02
7.20e-02
7.08e-02
6.97e-02
6.87e-02
6.76e-02
6.66e-02
6.56e-02
6.46e-02
6.37e-02
6.28e-02
6.18e-02
6.10e-02
6.01e-02
5.92e-02
5.84e-02
5.76e-02
5.68e-02
5.60e-02
5.53e-02
5.45e-02
5.38e-02
5.31e-02
5.24e-02
5.17e-02
5.10e-02
5.04e-02
4.97e-02
4.91e-02
4.85e-02
4.79e-02
4.73e-02
4.67e-02
4.61e-02
4.55e-02
4.50e-02
4.44e-02
4.39e-02
4.34e-02
4.29e-02
4.24e-02
4.19e-02
4.14e-02
4.09e-02
4.05e-02
4.00e-02
3.95e-02
3.91e-02
3.87e-02
3.82e-02
3.78e-02
3.74e-02
3.70e-02
3.66e-02
3.62e-02
3.58e-02
3.54e-02
3.50e-02
3.47e-02
3.43e-02
3.40e-02
3.36e-02
3.33e-02
3.29e-02
3.26e-02
3.23e-02
3.19e-02
3.16e-02
3.13e-02
3.10e-02
3.07e-02
3.04e-02
3.01e-02
2.98e-02
2.95e-02
2.92e-02
2.89e-02
2.87e-02
2.84e-02
2.81e-02
2.79e-02
2.76e-02
2.73e-02
2.71e-02
2.68e-02
2.66e-02
2.63e-02
2.61e-02
2.59e-02
2.56e-02
2.54e-02
2.52e-02
2.50e-02
2.47e-02
2.45e-02
2.43e-02
2.41e-02
2.39e-02
2.37e-02
2.35e-02
2.33e-02
2.31e-02
2.29e-02
2.27e-02
2.25e-02
2.23e-02
2.21e-02
2.20e-02
2.18e-02
2.16e-02
2.14e-02
2.12e-02
2.11e-02
2.09e-02
2.07e-02
2.06e-02
2.04e-02
2.02e-02
2.01e-02
1.99e-02
1.98e-02
1.96e-02
1.95e-02
1.93e-02
1.92e-02
1.90e-02
1.89e-02
1.87e-02
1.86e-02
1.84e-02
1.83e-02
1.82e-02
1.80e-02
1.79e-02
1.78e-02
1.76e-02
1.75e-02
1.74e-02
1.72e-02
1.71e-02
1.70e-02
1.69e-02
1.68e-02
1.66e-02
1.65e-02
1.64e-02
1.63e-02
1.62e-02
1.60e-02
1.59e-02
1.58e-02
1.57e-02
1.56e-02
1.55e-02
1.54e-02
1.53e-02
1.52e-02
1.51e-02
1.50e-02
1.49e-02
1.48e-02
1.47e-02
1.46e-02
1.45e-02
1.44e-02
1.43e-02
1.42e-02
1.41e-02
1.40e-02
1.39e-02
1.38e-02
1.37e-02
1.36e-02
1.36e-02
1.35e-02
1.34e-02
1.33e-02
1.32e-02
1.31e-02
1.30e-02
1.30e-02
1.29e-02
1.28e-02
1.27e-02
1.26e-02
1.26e-02
1.25e-02
1.24e-02
1.23e-02
1.23e-02
1.22e-02
1.21e-02
1.20e-02
1.20e-02
1.19e-02
1.18e-02
1.17e-02
1.17e-02
1.16e-02
1.15e-02
1.15e-02
1.14e-02
1.13e-02
1.13e-02
1.12e-02
1.11e-02
1.11e-02
1.10e-02
1.09e-02
1.09e-02
1.08e-02
1.08e-02
1.07e-02
1.06e-02
1.06e-02
1.05e-02
1.05e-02
1.04e-02
1.03e-02
1.03e-02
1.02e-02
1.02e-02
1.01e-02
1.01e-02
1.00e-02
9.94e-03
9.89e-03
9.83e-03
9.78e-03
9.73e-03
9.67e-03
9.62e-03
9.57e-03
9.52e-03
9.47e-03
9.42e-03
9.37e-03
9.32e-03
9.27e-03
9.22e-03
9.17e-03
9.12e-03
9.07e-03
9.02e-03
8.98e-03
8.93e-03
8.88e-03
8.84e-03
8.79e-03
8.75e-03
8.70e-03
8.66e-03
8.61e-03
8.57e-03
8.53e-03
8.48e-03
8.44e-03
8.40e-03
8.35e-03
8.31e-03
8.27e-03
8.23e-03
8.19e-03
8.15e-03
8.11e-03
8.07e-03
8.03e-03
7.99e-03
7.95e-03
7.91e-03
7.87e-03
7.83e-03
7.79e-03
7.76e-03
7.72e-03
7.68e-03
7.64e-03
7.61e-03
7.57e-03
7.53e-03
7.50e-03
7.46e-03
7.43e-03
7.39e-03
7.36e-03
7.32e-03
7.29e-03
7.25e-03
7.22e-03
7.19e-03
7.15e-03
7.12e-03
7.09e-03
7.05e-03
7.02e-03
6.99e-03
6.96e-03
6.92e-03
6.89e-03
6.86e-03
6.83e-03
6.80e-03
6.77e-03
6.74e-03
6.71e-03
6.68e-03
6.65e-03
6.62e-03
6.59e-03
6.56e-03
6.53e-03
6.50e-03
6.47e-03
6.44e-03
6.41e-03
6.39e-03
6.36e-03
6.33e-03
6.30e-03
6.28e-03
6.25e-03
6.22e-03
6.19e-03
6.17e-03
6.14e-03
6.11e-03
6.09e-03
6.06e-03
6.04e-03
6.01e-03
5.98e-03
5.96e-03
5.93e-03
5.91e-03
5.88e-03
5.86e-03
5.83e-03
5.81e-03
5.79e-03
5.76e-03
5.74e-03
5.71e-03
5.69e-03
5.67e-03
5.64e-03
5.62e-03
5.60e-03
5.57e-03
5.55e-03
5.53e-03
5.51e-03
5.48e-03
5.46e-03
5.44e-03
5.42e-03
5.39e-03
5.37e-03
5.35e-03
5.33e-03
5.31e-03
5.29e-03
5.27e-03
5.24e-03
5.22e-03
5.20e-03
5.18e-03
5.16e-03
5.14e-03
5.12e-03
5.10e-03
5.08e-03
5.06e-03
5.04e-03
5.02e-03
5.00e-03
4.98e-03
4.96e-03
4.94e-03
4.93e-03
4.91e-03
4.89e-03
4.87e-03
4.85e-03
4.83e-03
4.81e-03
4.79e-03
4.78e-03
4.76e-03
4.74e-03
4.72e-03
4.70e-03
4.69e-03
4.67e-03
4.65e-03
4.63e-03
4.62e-03
4.60e-03
4.58e-03
4.57e-03
4.55e-03
4.53e-03
4.52e-03
4.50e-03
4.48e-03
4.47e-03
4.45e-03
4.43e-03
4.42e-03
4.40e-03
4.38e-03
4.37e-03
4.35e-03
4.34e-03
4.32e-03
4.31e-03
4.29e-03
4.27e-03
4.26e-03
4.24e-03
4.23e-03
4.21e-03
4.20e-03
4.18e-03
4.17e-03
4.15e-03
4.14e-03
4.13e-03
4.11e-03
4.10e-03
4.08e-03
4.07e-03
4.05e-03
4.04e-03
4.03e-03
4.01e-03
4.00e-03
3.98e-03
3.97e-03
3.96e-03
3.94e-03
3.93e-03
3.92e-03
3.90e-03
3.89e-03
3.87e-03
3.86e-03
3.85e-03
3.84e-03
3.82e-03
3.81e-03
3.80e-03
3.78e-03
3.77e-03
3.76e-03
3.75e-03
3.73e-03
3.72e-03
3.71e-03
3.70e-03
3.68e-03
3.67e-03
3.66e-03
3.65e-03
3.63e-03
3.62e-03
3.61e-03
3.60e-03
3.59e-03
3.58e-03
3.56e-03
3.55e-03
3.54e-03
3.53e-03
3.52e-03
3.51e-03
3.49e-03
3.48e-03
3.47e-03
3.46e-03
3.45e-03
3.44e-03
3.43e-03
3.42e-03
3.41e-03
3.39e-03
3.38e-03
3.37e-03
3.36e-03
3.35e-03
3.34e-03
3.33e-03
3.32e-03
3.31e-03
3.30e-03
3.29e-03

