6.64e-03
6.69e-03
6.73e-03
6.77e-03
6.81e-03
6.86e-03
6.90e-03
6.95e-03
6.99e-03
7.04e-03
7.08e-03
7.13e-03
7.18e-03
7.22e-03
7.27e-03
7.32e-03
7.37e-03
7.42e-03
7.47e-03
7.52e-03
7.57e-03
7.62e-03
7.67e-03
7.72e-03
7.78e-03
7.83e-03
7.89e-03
7.94e-03
8.00e-03
8.05e-03
8.11e-03
8.16e-03
8.22e-03
8.28e-03
8.34e-03
8.40e-03
8.46e-03
8.52e-03
8.58e-03
8.64e-03
8.70e-03
8.77e-03
8.83e-03
8.90e-03
8.96e-03
9.03e-03
9.10e-03
9.16e-03
9.23e-03
9.30e-03
9.37e-03
9.44e-03
9.51e-03
9.59e-03
9.66e-03
9.73e-03
9.81e-03
9.88e-03
9.96e-03
1.00e-02
1.01e-02
1.02e-02
1.03e-02
1.04e-02
1.04e-02
1.05e-02
1.06e-02
1.07e-02
1.08e-02
1.09e-02
1.10e-02
1.10e-02
1.11e-02
1.12e-02
1.13e-02
1.14e-02
1.15e-02
1.16e-02
1.17e-02
1.18e-02
1.19e-02
1.20e-02
1.21e-02
1.22e-02
1.23e-02
1.24e-02
1.25e-02
1.27e-02
1.28e-02
1.29e-02
1.30e-02
1.31e-02
1.32e-02
1.33e-02
1.35e-02
1.36e-02
1.37e-02
1.38e-02
1.40e-02
1.41e-02
1.42e-02
1.44e-02
1.45e-02
1.46e-02
1.48e-02
1.49e-02
1.51e-02
1.52e-02
1.53e-02
1.55e-02
1.57e-02
1.58e-02
1.60e-02
1.61e-02
1.63e-02
1.64e-02
1.66e-02
1.68e-02
1.70e-02
1.71e-02
1.73e-02
1.75e-02
1.77e-02
1.79e-02
1.80e-02
1.82e-02
1.84e-02
1.86e-02
1.88e-02
1.90e-02
1.92e-02
1.94e-02
1.97e-02
1.99e-02
2.01e-02
2.03e-02
2.06e-02
2.08e-02
2.10e-02
2.13e-02
2.15e-02
2.18e-02
2.20e-02
2.23e-02
2.25e-02
2.28e-02
2.31e-02
2.34e-02
2.37e-02
2.39e-02
2.42e-02
2.45e-02
2.48e-02
2.52e-02
2.55e-02
2.58e-02
2.61e-02
2.65e-02
2.68e-02
2.72e-02
2.75e-02
2.79e-02
2.83e-02
2.86e-02
2.90e-02
2.94e-02
2.98e-02
3.02e-02
3.07e-02
3.11e-02
3.15e-02
3.20e-02
3.24e-02
3.29e-02
3.34e-02
3.39e-02
3.44e-02
3.49e-02
3.54e-02
3.60e-02
3.65e-02
3.71e-02
3.77e-02
3.82e-02
3.88e-02
3.95e-02
4.01e-02
4.08e-02
4.14e-02
4.21e-02
4.28e-02
4.35e-02
4.43e-02
4.50e-02
4.58e-02
4.66e-02
4.74e-02
4.83e-02
4.92e-02
5.01e-02
5.10e-02
5.19e-02
5.29e-02
5.39e-02
5.49e-02
5.60e-02
5.71e-02
5.82e-02
5.94e-02
6.06e-02
6.18e-02
6.31e-02
6.44e-02
6.58e-02
6.72e-02
6.87e-02
7.02e-02
7.18e-02
7.34e-02
7.51e-02
7.68e-02
7.86e-02
8.05e-02
8.25e-02
8.45e-02
8.66e-02
8.88e-02
9.11e-02
9.34e-02
9.59e-02
9.85e-02
1.01e-01
1.04e-01
1.07e-01
0.11003663
0.11326913
0.11665909
0.12021774
0.12395768
0.1278925
0.13203733
0.13640888
0.14102576
0.14590869
0.15108082
0.1565682
0.16240013
0.16860984
0.17523502
0.1823189
0.18991092
0.19806878
0.20685921
0.21636068
0.22666602
0.23788621
0.25015521
0.26363692
0.27853443
0.29510394
0.31367495
0.33468103
0.35871005
0.38658823
0.41953548
0.45946896
0.5097013
0.57687474
0.67870404
0.93929713
0.98599257
0.98962626
0.99118314
0.99206997
0.99264438
0.99304439
0.99333576
0.99355429
0.99372123
0.99385017
0.99395004
0.99402728
0.99408634
0.99413065
0.99416273
0.99418446
0.99419733
0.9942027
0.99420143
0.99419432
0.99418205
0.99416521
0.99414407
0.99411914
0.99409068
0.99405891
0.99402418
0.99398655
0.99394619
0.9939033
0.99385799
0.99381022
0.99376022
0.99370798
0.99365349
0.99359693
0.99353816
0.99347737
0.99341438
0.99334933
0.99328218
0.99321286
0.99314139
0.99306776
0.99299192
0.99291378
0.99283328
0.9927504
0.99266512
0.99257727
0.99248677
0.99239356
0.9922976
0.99219878
0.99209685
0.99199179
0.99188341
0.99177152
0.99165604
0.99153683
0.9914135
0.99128596
0.99115401
0.99101728
0.99087561
0.9907286
0.99057594
0.99041724
0.9902522
0.99008016
0.98990084
0.98971353
0.98951763
0.98931257
0.98909746
0.98887142
0.98863354
0.98838268
0.9881176
0.98783678
0.98753859
0.98722114
0.98688214
0.98651889
0.98612838
0.98570688
0.98524988
0.98475195
0.98420636
0.98360486
0.98293688
0.9821889
0.98134305
0.98037543
0.97925309
0.97792889
0.97633276
0.97435493
0.97181124
0.96836292
0.9632957
0.9547355
0.9351317
0.82680698
0.65759232
0.56474607
0.50112697
0.4528555
0.41417976
0.38211241
0.35488505
0.3313579
0.31075031
0.29250313
0.27620168
0.26152934
0.24823938
0.23613527
0.22505837
0.21487839
0.20548748
0.19679509
0.1887247
0.18121098
0.17419779
0.16763647
0.1614848
0.15570597
0.15026689
0.14513901
0.14029679
0.13571742
0.13138051
0.12726777
0.1233627
0.11965042
0.11611745
0.11275153
0.10954153
0.10647724
0.10354938
0.10074941
9.81e-02
9.55e-02
9.30e-02
9.07e-02
8.84e-02
8.62e-02
8.41e-02
8.21e-02
8.02e-02
7.83e-02
7.65e-02
7.48e-02
7.31e-02
7.15e-02
6.99e-02
6.84e-02
6.70e-02
6.56e-02
6.42e-02
6.29e-02
6.16e-02
6.04e-02
5.92e-02
5.80e-02
5.69e-02
5.58e-02
5.48e-02
5.37e-02
5.27e-02
5.18e-02
5.08e-02
4.99e-02
4.90e-02
4.81e-02
4.73e-02
4.65e-02
4.57e-02
4.49e-02
4.41e-02
4.34e-02
4.27e-02
4.20e-02
4.13e-02
4.06e-02
4.00e-02
3.94e-02
3.87e-02
3.81e-02
3.75e-02
3.70e-02
3.64e-02
3.59e-02
3.53e-02
3.48e-02
3.43e-02
3.38e-02
3.33e-02
3.28e-02
3.23e-02
3.19e-02
3.14e-02
3.10e-02
3.06e-02
3.02e-02
2.97e-02
2.93e-02
2.89e-02
2.86e-02
2.82e-02
2.78e-02
2.74e-02
2.71e-02
2.67e-02
2.64e-02
2.61e-02
2.57e-02
2.54e-02
2.51e-02
2.48e-02
2.45e-02
2.42e-02
2.39e-02
2.36e-02
2.33e-02
2.30e-02
2.28e-02
2.25e-02
2.22e-02
2.20e-02
2.17e-02
2.15e-02
2.12e-02
2.10e-02
2.07e-02
2.05e-02
2.03e-02
2.01e-02
1.98e-02
1.96e-02
1.94e-02
1.92e-02
1.90e-02
1.88e-02
1.86e-02
1.84e-02
1.82e-02
1.80e-02
1.78e-02
1.76e-02
1.74e-02
1.73e-02
1.71e-02
1.69e-02
1.67e-02
1.66e-02
1.64e-02
1.62e-02
1.61e-02
1.59e-02
1.58e-02
1.56e-02
1.55e-02
1.53e-02
1.52e-02
1.50e-02
1.49e-02
1.47e-02
1.46e-02
1.45e-02
1.43e-02
1.42e-02
1.41e-02
1.39e-02
1.38e-02
1.37e-02
1.36e-02
1.34e-02
1.33e-02
1.32e-02
1.31e-02
1.30e-02
1.28e-02
1.27e-02
1.26e-02
1.25e-02
1.24e-02
1.23e-02
1.22e-02
1.21e-02
1.20e-02
1.19e-02
1.18e-02
1.17e-02
1.16e-02
1.15e-02
1.14e-02
1.13e-02
1.12e-02
1.11e-02
1.10e-02
1.09e-02
1.08e-02
1.08e-02
1.07e-02
1.06e-02
1.05e-02
1.04e-02
1.03e-02
1.03e-02
1.02e-02
1.01e-02
1.00e-02
9.94e-03
9.86e-03
9.79e-03
9.71e-03
9.64e-03
9.56e-03
9.49e-03
9.42e-03
9.35e-03
9.28e-03
9.21e-03
9.14e-03
9.07e-03
9.01e-03
8.94e-03
8.88e-03
8.81e-03
8.75e-03
8.68e-03
8.62e-03
8.56e-03
8.50e-03
8.44e-03
8.38e-03
8.32e-03
8.26e-03
8.20e-03
8.14e-03
8.09e-03
8.03e-03
7.98e-03
7.92e-03
7.87e-03
7.81e-03
7.76e-03
7.71e-03
7.65e-03
7.60e-03
7.55e-03
7.50e-03
7.45e-03
7.40e-03
7.35e-03
7.30e-03
7.25e-03
7.21e-03
7.16e-03
7.11e-03
7.07e-03
7.02e-03
6.97e-03
6.93e-03
6.89e-03
6.84e-03
6.80e-03
6.75e-03
6.71e-03
6.67e-03
6.63e-03
6.59e-03
6.54e-03
6.50e-03
6.46e-03
6.42e-03
6.38e-03
6.34e-03
6.30e-03
6.27e-03
6.23e-03
6.19e-03
6.15e-03
6.11e-03
6.08e-03
6.04e-03
6.01e-03
5.97e-03
5.93e-03
5.90e-03
5.86e-03
5.83e-03
5.79e-03
5.76e-03
5.73e-03
5.69e-03
5.66e-03
5.63e-03
5.59e-03
5.56e-03
5.53e-03
5.50e-03
5.47e-03
5.44e-03
5.40e-03
5.37e-03
5.34e-03
5.31e-03
5.28e-03
5.25e-03
5.22e-03
5.20e-03
5.17e-03
5.14e-03
5.11e-03
5.08e-03
5.05e-03
5.03e-03
5.00e-03
4.97e-03
4.94e-03
4.92e-03
4.89e-03
4.86e-03
4.84e-03
4.81e-03
4.79e-03
4.76e-03
4.74e-03
4.71e-03
4.69e-03
4.66e-03
4.64e-03
4.61e-03
4.59e-03
4.56e-03
4.54e-03
4.52e-03
4.49e-03
4.47e-03
4.45e-03
4.42e-03
4.40e-03
4.38e-03
4.36e-03
4.33e-03
4.31e-03
4.29e-03
4.27e-03
4.25e-03
4.23e-03
4.20e-03
4.18e-03
4.16e-03
4.14e-03
4.12e-03
4.10e-03
4.08e-03
4.06e-03
4.04e-03
4.02e-03
4.00e-03
3.98e-03
3.96e-03
3.94e-03
3.92e-03
3.91e-03
3.89e-03
3.87e-03
3.85e-03
3.83e-03
3.81e-03
3.79e-03
3.78e-03
3.76e-03
3.74e-03
3.72e-03
3.71e-03
3.69e-03
3.67e-03
3.65e-03
3.64e-03
3.62e-03
3.60e-03
3.59e-03
3.57e-03
3.55e-03
3.54e-03
3.52e-03
3.50e-03
3.49e-03
3.47e-03
3.46e-03
3.44e-03
3.43e-03
3.41e-03
3.39e-03
3.38e-03
3.36e-03
3.35e-03
3.33e-03
3.32e-03
3.30e-03
3.29e-03
3.28e-03
3.26e-03
3.25e-03
3.23e-03
3.22e-03
3.20e-03
3.19e-03
3.18e-03
3.16e-03
3.15e-03
3.14e-03
3.12e-03
3.11e-03
3.10e-03
3.08e-03
3.07e-03
3.06e-03
3.04e-03
3.03e-03
3.02e-03
3.00e-03
2.99e-03
2.98e-03
2.97e-03
2.95e-03
2.94e-03
2.93e-03
2.92e-03
2.90e-03
2.89e-03
2.88e-03
2.87e-03
2.86e-03
2.85e-03
2.83e-03
2.82e-03
2.81e-03
2.80e-03
2.79e-03
2.78e-03
2.76e-03
2.75e-03
2.74e-03
2.73e-03
2.72e-03
2.71e-03
2.70e-03
2.69e-03
2.68e-03
2.67e-03
2.66e-03
2.65e-03
2.63e-03
2.62e-03
2.61e-03
2.60e-03
2.59e-03
2.58e-03
2.57e-03
2.56e-03
2.55e-03
2.54e-03
2.53e-03
2.52e-03
2.51e-03
2.50e-03
2.49e-03
2.48e-03
2.48e-03
2.47e-03
2.46e-03
2.45e-03
2.44e-03
2.43e-03
2.42e-03
2.41e-03
2.40e-03
2.39e-03
2.38e-03
2.37e-03
2.36e-03
2.36e-03
2.35e-03
2.34e-03
2.33e-03
2.32e-03
2.31e-03
2.30e-03
2.30e-03
2.29e-03
2.28e-03
2.27e-03
2.26e-03
2.25e-03
2.25e-03
2.24e-03
2.23e-03
2.22e-03
2.21e-03
2.20e-03
2.20e-03
2.19e-03
2.18e-03
2.17e-03
2.17e-03
2.16e-03
2.15e-03
2.14e-03
2.13e-03
2.13e-03
2.12e-03
2.11e-03
2.10e-03
2.10e-03
2.09e-03
2.08e-03
2.07e-03
2.07e-03
2.06e-03
2.05e-03
2.05e-03
2.04e-03
2.03e-03
2.02e-03
2.02e-03
2.01e-03
2.00e-03
2.00e-03
1.99e-03
1.98e-03
1.98e-03
1.97e-03
1.96e-03
1.96e-03
1.95e-03
1.94e-03
1.94e-03
1.93e-03
1.92e-03
1.92e-03
1.91e-03
1.90e-03
1.90e-03
1.89e-03
1.88e-03
1.88e-03
1.87e-03
1.87e-03
1.86e-03
1.85e-03
1.85e-03
1.84e-03
1.83e-03
1.83e-03
1.82e-03
1.82e-03
1.81e-03
1.80e-03
1.80e-03
1.79e-03
1.79e-03
1.78e-03
1.78e-03
1.77e-03
1.76e-03
1.76e-03
1.75e-03
1.75e-03
1.74e-03
1.74e-03
1.73e-03
1.72e-03
1.72e-03
1.71e-03
1.71e-03
1.70e-03
1.70e-03
1.69e-03
1.69e-03
1.68e-03
1.68e-03
1.67e-03
1.67e-03
1.66e-03
1.65e-03
1.65e-03
1.64e-03
1.64e-03
1.63e-03
1.63e-03
1.62e-03
1.62e-03
1.61e-03
1.61e-03
1.60e-03
1.60e-03
1.59e-03
1.59e-03
1.58e-03
1.58e-03
1.57e-03
1.57e-03
1.57e-03
1.56e-03
1.56e-03
1.55e-03
1.55e-03
1.54e-03
1.54e-03
1.53e-03
1.53e-03
1.52e-03
1.52e-03
1.51e-03
1.51e-03
1.50e-03
1.50e-03
1.50e-03
1.49e-03
1.49e-03
1.48e-03
1.48e-03
1.47e-03
1.47e-03
1.46e-03

