7.64e-03
7.69e-03
7.73e-03
7.78e-03
7.83e-03
7.88e-03
7.93e-03
7.98e-03
8.03e-03
8.08e-03
8.13e-03
8.18e-03
8.23e-03
8.29e-03
8.34e-03
8.39e-03
8.45e-03
8.50e-03
8.56e-03
8.61e-03
8.67e-03
8.73e-03
8.78e-03
8.84e-03
8.90e-03
8.96e-03
9.02e-03
9.08e-03
9.14e-03
9.20e-03
9.27e-03
9.33e-03
9.39e-03
9.46e-03
9.52e-03
9.59e-03
9.65e-03
9.72e-03
9.79e-03
9.86e-03
9.92e-03
9.99e-03
1.01e-02
1.01e-02
1.02e-02
1.03e-02
1.04e-02
1.04e-02
1.05e-02
1.06e-02
1.07e-02
1.07e-02
1.08e-02
1.09e-02
1.10e-02
1.11e-02
1.11e-02
1.12e-02
1.13e-02
1.14e-02
1.15e-02
1.16e-02
1.17e-02
1.17e-02
1.18e-02
1.19e-02
1.20e-02
1.21e-02
1.22e-02
1.23e-02
1.24e-02
1.25e-02
1.26e-02
1.27e-02
1.28e-02
1.29e-02
1.30e-02
1.31e-02
1.32e-02
1.33e-02
1.34e-02
1.35e-02
1.36e-02
1.38e-02
1.39e-02
1.40e-02
1.41e-02
1.42e-02
1.43e-02
1.45e-02
1.46e-02
1.47e-02
1.48e-02
1.50e-02
1.51e-02
1.52e-02
1.54e-02
1.55e-02
1.56e-02
1.58e-02
1.59e-02
1.61e-02
1.62e-02
1.64e-02
1.65e-02
1.67e-02
1.68e-02
1.70e-02
1.71e-02
1.73e-02
1.74e-02
1.76e-02
1.78e-02
1.79e-02
1.81e-02
1.83e-02
1.85e-02
1.86e-02
1.88e-02
1.90e-02
1.92e-02
1.94e-02
1.96e-02
1.98e-02
2.00e-02
2.02e-02
2.04e-02
2.06e-02
2.08e-02
2.10e-02
2.12e-02
2.15e-02
2.17e-02
2.19e-02
2.21e-02
2.24e-02
2.26e-02
2.29e-02
2.31e-02
2.34e-02
2.36e-02
2.39e-02
2.42e-02
2.44e-02
2.47e-02
2.50e-02
2.53e-02
2.56e-02
2.58e-02
2.61e-02
2.64e-02
2.68e-02
2.71e-02
2.74e-02
2.77e-02
2.81e-02
2.84e-02
2.87e-02
2.91e-02
2.95e-02
2.98e-02
3.02e-02
3.06e-02
3.10e-02
3.14e-02
3.18e-02
3.22e-02
3.26e-02
3.30e-02
3.34e-02
3.39e-02
3.43e-02
3.48e-02
3.53e-02
3.58e-02
3.63e-02
3.68e-02
3.73e-02
3.78e-02
3.83e-02
3.89e-02
3.95e-02
4.00e-02
4.06e-02
4.12e-02
4.18e-02
4.25e-02
4.31e-02
4.38e-02
4.44e-02
4.51e-02
4.58e-02
4.66e-02
4.73e-02
4.81e-02
4.88e-02
4.96e-02
5.05e-02
5.13e-02
5.22e-02
5.30e-02
5.40e-02
5.49e-02
5.58e-02
5.68e-02
5.78e-02
5.89e-02
6.00e-02
6.11e-02
6.22e-02
6.34e-02
6.46e-02
6.58e-02
6.71e-02
6.84e-02
6.98e-02
7.12e-02
7.26e-02
7.41e-02
7.56e-02
7.72e-02
7.89e-02
8.06e-02
8.23e-02
8.42e-02
8.60e-02
8.80e-02
9.00e-02
9.21e-02
9.43e-02
9.66e-02
9.89e-02
1.01e-01
1.04e-01
0.10660576
0.10937381
0.11226042
0.11527296
0.11841963
0.12170917
0.12515117
0.12875607
0.13253533
0.13650152
0.14066848
0.14505144
0.14966731
0.15453477
0.15967471
0.16511036
0.17086769
0.17697634
0.1834694
0.19038457
0.19776493
0.20565988
0.21412658
0.22323146
0.23305234
0.24368137
0.25522825
0.26782552
0.28163491
0.29685656
0.31374344
0.33261969
0.35391182
0.37819828
0.40629185
0.43939206
0.47938922
0.52955937
0.59651671
0.69820846
0.94503059
0.98267719
0.98705088
0.98897865
0.99009265
0.99082204
0.99133502
0.9917125
0.99199882
0.99222032
0.99239406
0.99253126
0.99263994
0.99272573
0.99279293
0.99284466
0.99288338
0.99291115
0.99292938
0.99293946
0.99294222
0.99293862
0.99292931
0.99291488
0.99289578
0.99287243
0.9928452
0.99281442
0.99278021
0.99274288
0.99270267
0.99265961
0.99261392
0.99256561
0.99251489
0.99246186
0.9924065
0.99234896
0.99228916
0.99222723
0.99216319
0.992097
0.99202874
0.99195845
0.99188599
0.99181144
0.99173485
0.99165605
0.99157508
0.99149197
0.99140659
0.99131895
0.99122893
0.99113659
0.99104182
0.99094445
0.99084462
0.99074197
0.99063669
0.9905285
0.99041738
0.99030315
0.99018581
0.99006512
0.98994097
0.98981319
0.98968167
0.98954622
0.9894066
0.98926265
0.98911413
0.98896081
0.98880244
0.98863867
0.9884693
0.98829391
0.98811218
0.98792369
0.98772793
0.98752455
0.98731301
0.98709259
0.98686276
0.98662276
0.98637185
0.98610908
0.98583348
0.9855439
0.98523911
0.98491775
0.98457803
0.98421817
0.98383609
0.98342921
0.98299468
0.98252913
0.98202855
0.9814881
0.98090213
0.98026361
0.979564
0.97879264
0.9779359
0.97697646
0.97589154
0.9746505
0.97321104
0.97151292
0.96946635
0.96693132
0.96367285
0.95926014
0.95278951
0.9419171
0.91759385
0.81602506
0.66794901
0.57926561
0.51738387
0.46999368
0.4317731
0.39991348
0.37273795
0.34916006
0.32842988
0.31001079
0.29350267
0.27859945
0.26506177
0.25269853
0.24135518
0.23090462
0.22124121
0.21227629
0.20393459
0.19615191
0.18887278
0.18204934
0.17563963
0.16960703
0.16391916
0.1585474
0.15346624
0.14865301
0.14408733
0.13975084
0.13562707
0.13170108
0.12795928
0.12438953
0.12098026
0.11772139
0.11460347
0.11161791
0.10875675
0.10601266
0.10337892
0.10084926
9.84e-02
9.61e-02
9.38e-02
9.17e-02
8.96e-02
8.76e-02
8.56e-02
8.37e-02
8.19e-02
8.02e-02
7.85e-02
7.69e-02
7.53e-02
7.38e-02
7.23e-02
7.08e-02
6.94e-02
6.81e-02
6.68e-02
6.55e-02
6.43e-02
6.31e-02
6.19e-02
6.08e-02
5.97e-02
5.86e-02
5.76e-02
5.66e-02
5.56e-02
5.47e-02
5.37e-02
5.28e-02
5.20e-02
5.11e-02
5.03e-02
4.94e-02
4.86e-02
4.79e-02
4.71e-02
4.64e-02
4.57e-02
4.50e-02
4.43e-02
4.36e-02
4.29e-02
4.23e-02
4.17e-02
4.11e-02
4.05e-02
3.99e-02
3.93e-02
3.88e-02
3.82e-02
3.77e-02
3.71e-02
3.66e-02
3.61e-02
3.56e-02
3.52e-02
3.47e-02
3.42e-02
3.38e-02
3.33e-02
3.29e-02
3.25e-02
3.21e-02
3.17e-02
3.13e-02
3.09e-02
3.05e-02
3.01e-02
2.97e-02
2.94e-02
2.90e-02
2.86e-02
2.83e-02
2.80e-02
2.76e-02
2.73e-02
2.70e-02
2.67e-02
2.64e-02
2.61e-02
2.58e-02
2.55e-02
2.52e-02
2.49e-02
2.46e-02
2.43e-02
2.41e-02
2.38e-02
2.36e-02
2.33e-02
2.30e-02
2.28e-02
2.26e-02
2.23e-02
2.21e-02
2.19e-02
2.16e-02
2.14e-02
2.12e-02
2.10e-02
2.07e-02
2.05e-02
2.03e-02
2.01e-02
1.99e-02
1.97e-02
1.95e-02
1.93e-02
1.91e-02
1.90e-02
1.88e-02
1.86e-02
1.84e-02
1.82e-02
1.81e-02
1.79e-02
1.77e-02
1.76e-02
1.74e-02
1.72e-02
1.71e-02
1.69e-02
1.68e-02
1.66e-02
1.65e-02
1.63e-02
1.62e-02
1.60e-02
1.59e-02
1.57e-02
1.56e-02
1.55e-02
1.53e-02
1.52e-02
1.51e-02
1.49e-02
1.48e-02
1.47e-02
1.46e-02
1.44e-02
1.43e-02
1.42e-02
1.41e-02
1.40e-02
1.38e-02
1.37e-02
1.36e-02
1.35e-02
1.34e-02
1.33e-02
1.32e-02
1.31e-02
1.30e-02
1.29e-02
1.28e-02
1.27e-02
1.26e-02
1.25e-02
1.24e-02
1.23e-02
1.22e-02
1.21e-02
1.20e-02
1.19e-02
1.18e-02
1.17e-02
1.16e-02
1.15e-02
1.14e-02
1.14e-02
1.13e-02
1.12e-02
1.11e-02
1.10e-02
1.09e-02
1.09e-02
1.08e-02
1.07e-02
1.06e-02
1.06e-02
1.05e-02
1.04e-02
1.03e-02
1.03e-02
1.02e-02
1.01e-02
1.00e-02
9.97e-03
9.90e-03
9.83e-03
9.76e-03
9.69e-03
9.63e-03
9.56e-03
9.49e-03
9.43e-03
9.37e-03
9.30e-03
9.24e-03
9.18e-03
9.12e-03
9.06e-03
9.00e-03
8.94e-03
8.88e-03
8.82e-03
8.76e-03
8.70e-03
8.65e-03
8.59e-03
8.53e-03
8.48e-03
8.42e-03
8.37e-03
8.32e-03
8.26e-03
8.21e-03
8.16e-03
8.11e-03
8.06e-03
8.01e-03
7.96e-03
7.91e-03
7.86e-03
7.81e-03
7.76e-03
7.71e-03
7.67e-03
7.62e-03
7.57e-03
7.53e-03
7.48e-03
7.44e-03
7.39e-03
7.35e-03
7.30e-03
7.26e-03
7.22e-03
7.17e-03
7.13e-03
7.09e-03
7.05e-03
7.01e-03
6.96e-03
6.92e-03
6.88e-03
6.84e-03
6.80e-03
6.76e-03
6.73e-03
6.69e-03
6.65e-03
6.61e-03
6.57e-03
6.54e-03
6.50e-03
6.46e-03
6.43e-03
6.39e-03
6.36e-03
6.32e-03
6.28e-03
6.25e-03
6.22e-03
6.18e-03
6.15e-03
6.11e-03
6.08e-03
6.05e-03
6.01e-03
5.98e-03
5.95e-03
5.92e-03
5.89e-03
5.85e-03
5.82e-03
5.79e-03
5.76e-03
5.73e-03
5.70e-03
5.67e-03
5.64e-03
5.61e-03
5.58e-03
5.55e-03
5.52e-03
5.50e-03
5.47e-03
5.44e-03
5.41e-03
5.38e-03
5.36e-03
5.33e-03
5.30e-03
5.27e-03
5.25e-03
5.22e-03
5.19e-03
5.17e-03
5.14e-03
5.12e-03
5.09e-03
5.07e-03
5.04e-03
5.02e-03
4.99e-03
4.97e-03
4.94e-03
4.92e-03
4.89e-03
4.87e-03
4.85e-03
4.82e-03
4.80e-03
4.78e-03
4.75e-03
4.73e-03
4.71e-03
4.68e-03
4.66e-03
4.64e-03
4.62e-03
4.60e-03
4.57e-03
4.55e-03
4.53e-03
4.51e-03
4.49e-03
4.47e-03
4.45e-03
4.43e-03
4.41e-03
4.39e-03
4.37e-03
4.35e-03
4.33e-03
4.31e-03
4.29e-03
4.27e-03
4.25e-03
4.23e-03
4.21e-03
4.19e-03
4.17e-03
4.15e-03
4.13e-03
4.11e-03
4.10e-03
4.08e-03
4.06e-03
4.04e-03
4.02e-03
4.01e-03
3.99e-03
3.97e-03
3.95e-03
3.94e-03
3.92e-03
3.90e-03
3.88e-03
3.87e-03
3.85e-03
3.83e-03
3.82e-03
3.80e-03
3.78e-03
3.77e-03
3.75e-03
3.74e-03
3.72e-03
3.70e-03
3.69e-03
3.67e-03
3.66e-03
3.64e-03
3.63e-03
3.61e-03
3.60e-03
3.58e-03
3.57e-03
3.55e-03
3.54e-03
3.52e-03
3.51e-03
3.49e-03
3.48e-03
3.46e-03
3.45e-03
3.44e-03
3.42e-03
3.41e-03
3.39e-03
3.38e-03
3.37e-03
3.35e-03
3.34e-03
3.33e-03
3.31e-03
3.30e-03
3.29e-03
3.27e-03
3.26e-03
3.25e-03
3.23e-03
3.22e-03
3.21e-03
3.20e-03
3.18e-03
3.17e-03
3.16e-03
3.15e-03
3.13e-03
3.12e-03
3.11e-03
3.10e-03
3.09e-03
3.07e-03
3.06e-03
3.05e-03
3.04e-03
3.03e-03
3.01e-03
3.00e-03
2.99e-03
2.98e-03
2.97e-03
2.96e-03
2.95e-03
2.94e-03
2.92e-03
2.91e-03
2.90e-03
2.89e-03
2.88e-03
2.87e-03
2.86e-03
2.85e-03
2.84e-03
2.83e-03
2.82e-03
2.81e-03
2.80e-03
2.79e-03
2.78e-03
2.77e-03
2.76e-03
2.75e-03
2.74e-03
2.73e-03
2.72e-03
2.71e-03
2.70e-03
2.69e-03
2.68e-03
2.67e-03
2.66e-03
2.65e-03
2.64e-03
2.63e-03
2.62e-03
2.61e-03
2.60e-03
2.59e-03
2.58e-03
2.57e-03
2.56e-03
2.55e-03
2.55e-03
2.54e-03
2.53e-03
2.52e-03
2.51e-03
2.50e-03
2.49e-03
2.48e-03
2.48e-03
2.47e-03
2.46e-03
2.45e-03
2.44e-03
2.43e-03
2.42e-03
2.42e-03
2.41e-03
2.40e-03
2.39e-03
2.38e-03
2.38e-03
2.37e-03
2.36e-03
2.35e-03
2.34e-03
2.34e-03
2.33e-03
2.32e-03
2.31e-03
2.30e-03
2.30e-03
2.29e-03
2.28e-03
2.27e-03
2.27e-03
2.26e-03
2.25e-03
2.24e-03
2.24e-03
2.23e-03
2.22e-03
2.21e-03
2.21e-03
2.20e-03
2.19e-03
2.19e-03
2.18e-03
2.17e-03
2.16e-03
2.16e-03
2.15e-03
2.14e-03
2.14e-03
2.13e-03
2.12e-03
2.12e-03
2.11e-03
2.10e-03
2.10e-03
2.09e-03
2.08e-03
2.08e-03
2.07e-03
2.06e-03
2.06e-03
2.05e-03
2.04e-03
2.04e-03
2.03e-03
2.02e-03
2.02e-03
2.01e-03
2.00e-03
2.00e-03
1.99e-03
1.99e-03
1.98e-03
1.97e-03
1.97e-03
1.96e-03
1.96e-03
1.95e-03
1.94e-03
1.94e-03
1.93e-03
1.93e-03
1.92e-03
1.91e-03
1.91e-03
1.90e-03
1.90e-03
1.89e-03
1.89e-03
1.88e-03
1.87e-03
1.87e-03
1.86e-03
1.86e-03
1.85e-03

