    -20.000000       0.15889958E-02
    -19.775000       0.16198693E-02
    -19.549999       0.16516531E-02
    -19.325001       0.16843827E-02
    -19.100000       0.17180968E-02
    -18.875000       0.17528353E-02
    -18.650000       0.17886397E-02
    -18.424999       0.18255546E-02
    -18.200001       0.18636259E-02
    -17.975000       0.19029033E-02
    -17.750000       0.19434376E-02
    -17.525000       0.19852839E-02
    -17.299999       0.20284986E-02
    -17.075001       0.20731423E-02
    -16.850000       0.21192793E-02
    -16.625000       0.21669770E-02
    -16.400000       0.22163063E-02
    -16.174999       0.22673428E-02
    -15.950001       0.23201661E-02
    -15.725000       0.23748613E-02
    -15.500000       0.24315176E-02
    -15.275000       0.24902306E-02
    -15.050000       0.25511002E-02
    -14.825001       0.26142342E-02
    -14.600000       0.26797469E-02
    -14.375000       0.27477590E-02
    -14.150000       0.28183999E-02
    -13.925000       0.28918063E-02
    -13.700001       0.29681257E-02
    -13.475000       0.30475148E-02
    -13.250000       0.31301398E-02
    -13.025000       0.32161806E-02
    -12.800000       0.33058266E-02
    -12.575001       0.33992847E-02
    -12.350000       0.34967737E-02
    -12.125000       0.35985305E-02
    -11.900001       0.37048059E-02
    -11.675000       0.38158747E-02
    -11.450000       0.39320299E-02
    -11.225000       0.40535865E-02
    -11.000000       0.41808871E-02
    -10.775001       0.43142993E-02
    -10.550000       0.44542236E-02
    -10.325000       0.46010907E-02
    -10.100000       0.47553693E-02
    -9.8750000       0.49175692E-02
    -9.6500006       0.50882427E-02
    -9.4250002       0.52679946E-02
    -9.2000008       0.54574807E-02
    -8.9750004       0.56574213E-02
    -8.7500000       0.58686030E-02
    -8.5250006       0.60918857E-02
    -8.3000002       0.63282199E-02
    -8.0750008       0.65786443E-02
    -7.8500004       0.68443093E-02
    -7.6250000       0.71264828E-02
    -7.4000006       0.74265669E-02
    -7.1750002       0.77461201E-02
    -6.9500008       0.80868735E-02
    -6.7250004       0.84507577E-02
    -6.5000000       0.88399233E-02
    -6.2750006       0.92567854E-02
    -6.0500002       0.97040545E-02
    -5.8250008       0.10184781E-01
    -5.6000004       0.10702415E-01
    -5.3750000       0.11260864E-01
    -5.1500006       0.11864566E-01
    -4.9250002       0.12518595E-01
    -4.7000008       0.13228751E-01
    -4.4750004       0.14001717E-01
    -4.2500000       0.14845199E-01
    -4.0250006       0.15768136E-01
    -3.8000011       0.16780953E-01
    -3.5750008       0.17895870E-01
    -3.3500004       0.19127266E-01
    -3.1250000       0.20492195E-01
    -2.8999996       0.22010994E-01
    -2.6750011       0.23708073E-01
    -2.4500008       0.25613027E-01
    -2.2250004       0.27761925E-01
    -2.0000000       0.30199190E-01
    -1.7749996       0.32980101E-01
    -1.5500011       0.36174148E-01
    -1.3250008       0.39869945E-01
    -1.1000004       0.44181855E-01
   -0.87500000       0.49260035E-01
   -0.64999962       0.55305216E-01
   -0.42500114       0.62591507E-01
   -0.20000076       0.71503088E-01
    0.24999619E-01   0.82594446E-01
    0.25000000       0.96696749E-01
    0.47500038       0.11511608    
    0.69999886       0.14003626    
    0.92499924       0.17543904    
     1.1499996       0.22959053    
     1.3750000       0.32401007    
     1.5999985       0.55738235    
     1.8249989       0.97255665    
     2.0499992       0.97842598    
     2.2749996       0.97929549    
     2.5000000       0.97897184    
     2.7249985       0.97810578    
     2.9499989       0.97688841    
     3.1749992       0.97537644    
     3.3999996       0.97356671    
     3.6250000       0.97141541    
     3.8499985       0.96883616    
     4.0749989       0.96568136    
     4.2999992       0.96169779    
     4.5249996       0.95642081    
     4.7500000       0.94888818    
     4.9749985       0.93665666    
     5.1999989       0.91046094    
     5.4249992       0.74032051    
     5.6499996       0.37849955    
     5.8750000       0.25692169    
     6.0999985       0.19215343    
     6.3249989       0.15132179    
     6.5499992       0.12321718    
     6.7749996       0.10276377    
     7.0000000       0.87283153E-01
     7.2249985       0.75216296E-01
     7.4499989       0.65590421E-01
     7.6749992       0.57766763E-01
     7.8999996       0.51308313E-01
     8.1250000       0.45906269E-01
     8.3499985       0.41336498E-01
     8.5749989       0.37432489E-01
     8.7999992       0.34068271E-01
     9.0249996       0.31146837E-01
     9.2500000       0.28592400E-01
     9.4749985       0.26344986E-01
     9.6999989       0.24356518E-01
     9.9249992       0.22588155E-01
     10.150000       0.21008143E-01
     10.375000       0.19590327E-01
     10.599998       0.18313001E-01
     10.824999       0.17157982E-01
     11.049999       0.16109988E-01
     11.275000       0.15156069E-01
     11.500000       0.14285193E-01
     11.724998       0.13487914E-01
     11.949999       0.12756093E-01
     12.174999       0.12082704E-01
     12.399998       0.11461650E-01
     12.625000       0.10887594E-01
     12.849998       0.10355894E-01
     13.075001       0.98624443E-02
     13.299999       0.94036535E-02
     13.524998       0.89763259E-02
     13.750000       0.85776255E-02
     13.974998       0.82050513E-02
     14.200001       0.78563458E-02
     14.424999       0.75295147E-02
     14.649998       0.72227535E-02
     14.875000       0.69344373E-02
     15.099998       0.66631212E-02
     15.325001       0.64074790E-02
     15.549999       0.61663313E-02
     15.774998       0.59385942E-02
     16.000000       0.57232844E-02
     16.224998       0.55195162E-02
     16.450001       0.53264718E-02
     16.674999       0.51434137E-02
     16.899998       0.49696618E-02
     17.125000       0.48045887E-02
     17.349998       0.46476317E-02
     17.575001       0.44982593E-02
     17.799999       0.43559945E-02
     18.024998       0.42203899E-02
     18.250000       0.40910331E-02
     18.474998       0.39675494E-02
     18.700001       0.38495832E-02
     18.924999       0.37368144E-02
     19.149998       0.36289388E-02
     19.375000       0.35256752E-02
     19.599998       0.34267672E-02
     19.825001       0.33319698E-02
     20.049999       0.32410612E-02
     20.274998       0.31538290E-02
     20.500000       0.30700759E-02
     20.724998       0.29896220E-02
     20.950001       0.29122928E-02
     21.174999       0.28379318E-02
     21.399998       0.27663868E-02
     21.625000       0.26975157E-02
     21.849998       0.26311901E-02
     22.075001       0.25672824E-02
     22.299999       0.25056790E-02
     22.524998       0.24462698E-02
     22.750000       0.23889496E-02
     22.974998       0.23336239E-02
     23.199997       0.22802001E-02
     23.424999       0.22285913E-02
     23.649998       0.21787174E-02
     23.875000       0.21305001E-02
     24.099998       0.20838682E-02
     24.324997       0.20387521E-02
     24.549999       0.19950856E-02
     24.774998       0.19528091E-02
     25.000000       0.19118627E-02
     25.224998       0.18721924E-02
     25.449997       0.18337451E-02
     25.674999       0.17964702E-02
     25.899998       0.17603218E-02
     26.125000       0.17252536E-02
     26.349998       0.16912243E-02
     26.574997       0.16581925E-02
     26.799999       0.16261190E-02
     27.024998       0.15949683E-02
     27.250000       0.15647041E-02
     27.474998       0.15352940E-02
     27.699997       0.15067057E-02
     27.924999       0.14789085E-02
     28.149998       0.14518743E-02
     28.375000       0.14255744E-02
     28.599998       0.13999835E-02
     28.824997       0.13750757E-02
     29.049999       0.13508267E-02
     29.274998       0.13272140E-02
     29.500000       0.13042150E-02
     29.724998       0.12818091E-02
     29.949997       0.12599758E-02
     30.174999       0.12386953E-02
     30.399998       0.12179501E-02
     30.625000       0.11977213E-02
     30.849998       0.11779928E-02
     31.074997       0.11587478E-02
     31.299999       0.11399703E-02
     31.524998       0.11216461E-02
     31.750000       0.11037598E-02
     31.974998       0.10862982E-02
     32.199997       0.10692479E-02
     32.424999       0.10525955E-02
     32.649998       0.10363296E-02
     32.875000       0.10204374E-02
     33.099998       0.10049083E-02
     33.324997       0.98973100E-03
     33.549999       0.97489483E-03
     33.774998       0.96038974E-03
     34.000000       0.94620593E-03
     34.224998       0.93233416E-03
     34.449997       0.91876522E-03
     34.674999       0.90549009E-03
     34.899998       0.89250081E-03
     35.125000       0.87978880E-03
     35.349998       0.86734668E-03
     35.574997       0.85516656E-03
     35.799999       0.84324091E-03
     36.024998       0.83156318E-03
     36.250000       0.82012607E-03
     36.474998       0.80892352E-03
     36.699997       0.79794889E-03
     36.924999       0.78719590E-03
     37.149998       0.77665895E-03
     37.375000       0.76633178E-03
     37.599998       0.75620944E-03
     37.824997       0.74628637E-03
     38.049999       0.73655696E-03
     38.274998       0.72701680E-03
     38.500000       0.71766054E-03
     38.724998       0.70848384E-03
     38.949997       0.69948197E-03
     39.174999       0.69065041E-03
     39.399998       0.68198516E-03
     39.625000       0.67348171E-03
     39.849998       0.66513645E-03
     40.074997       0.65694530E-03
     40.299999       0.64890424E-03
     40.524998       0.64101006E-03
     40.750000       0.63325891E-03
     40.974998       0.62564749E-03
     41.199997       0.61817245E-03
     41.424999       0.61083035E-03
     41.649998       0.60361842E-03
     41.875000       0.59653330E-03
     42.099998       0.58957222E-03
     42.324997       0.58273222E-03
     42.549999       0.57601036E-03
     42.774998       0.56940420E-03
     43.000000       0.56291093E-03
     43.224998       0.55652810E-03
     43.449997       0.55025317E-03
     43.674999       0.54408368E-03
     43.899998       0.53801732E-03
     44.125000       0.53205174E-03
     44.349998       0.52618487E-03
     44.574997       0.52041439E-03
     44.799995       0.51473830E-03
     45.025002       0.50915442E-03
     45.250000       0.50366092E-03
     45.474998       0.49825583E-03
     45.699997       0.49293732E-03
     45.924995       0.48770333E-03
     46.150002       0.48255208E-03
     46.375000       0.47748210E-03
     46.599998       0.47249162E-03
     46.824997       0.46757894E-03
     47.049995       0.46274236E-03
     47.275002       0.45798022E-03
     47.500000       0.45329134E-03
     47.724998       0.44867406E-03
     47.949997       0.44412694E-03
     48.174995       0.43964854E-03
     48.400002       0.43523737E-03
     48.625000       0.43089228E-03
     48.849998       0.42661191E-03
     49.074997       0.42239498E-03
     49.299995       0.41824022E-03
     49.525002       0.41414626E-03
     49.750000       0.41011222E-03
     49.974998       0.40613679E-03
     50.199997       0.40221884E-03
     50.424995       0.39835726E-03
     50.650002       0.39455084E-03
     50.875000       0.39079879E-03
     51.099998       0.38709997E-03
     51.324997       0.38345342E-03
     51.549995       0.37985811E-03
     51.775002       0.37631292E-03
     52.000000       0.37281726E-03
     52.224998       0.36936995E-03
     52.449997       0.36597028E-03
     52.674995       0.36261725E-03
     52.900002       0.35930995E-03
     53.125000       0.35604777E-03
     53.349998       0.35282980E-03
     53.574997       0.34965515E-03
     53.799995       0.34652316E-03
     54.025002       0.34343291E-03
     54.250000       0.34038389E-03
     54.474998       0.33737525E-03
     54.699997       0.33440631E-03
     54.924995       0.33147632E-03
     55.150002       0.32858456E-03
     55.375000       0.32573053E-03
     55.599998       0.32291346E-03
     55.824997       0.32013279E-03
     56.049995       0.31738783E-03
     56.275002       0.31467789E-03
     56.500000       0.31200256E-03
     56.724998       0.30936117E-03
     56.949997       0.30675315E-03
     57.174995       0.30417798E-03
     57.400002       0.30163493E-03
     57.625000       0.29912370E-03
     57.849998       0.29664366E-03
     58.074997       0.29419432E-03
     58.299995       0.29177515E-03
     58.525002       0.28938561E-03
     58.750000       0.28702535E-03
     58.974998       0.28469378E-03
     59.199997       0.28239055E-03
     59.424995       0.28011505E-03
     59.650002       0.27786686E-03
     59.875000       0.27564569E-03
     60.099998       0.27345101E-03
     60.324997       0.27128241E-03
     60.549995       0.26913947E-03
     60.775002       0.26702172E-03
     61.000000       0.26492892E-03
     61.224998       0.26286059E-03
     61.449997       0.26081638E-03
     61.674995       0.25879586E-03
     61.900002       0.25679867E-03
     62.125000       0.25482454E-03
     62.349998       0.25287305E-03
     62.574997       0.25094387E-03
     62.799995       0.24903667E-03
     63.025002       0.24715102E-03
     63.250000       0.24528676E-03
     63.474998       0.24344349E-03
     63.699997       0.24162085E-03
     63.924995       0.23981863E-03
     64.150002       0.23803641E-03
     64.375000       0.23627400E-03
     64.599998       0.23453110E-03
     64.824997       0.23280735E-03
     65.049995       0.23110253E-03
     65.275002       0.22941628E-03
     65.500000       0.22774847E-03
     65.724998       0.22609873E-03
     65.949997       0.22446687E-03
     66.174995       0.22285255E-03
     66.399994       0.22125556E-03
     66.625000       0.21967563E-03
     66.849998       0.21811257E-03
     67.074997       0.21656609E-03
     67.299995       0.21503604E-03
     67.524994       0.21352211E-03
     67.750000       0.21202399E-03
     67.974998       0.21054166E-03
     68.199997       0.20907479E-03
     68.424995       0.20762320E-03
     68.649994       0.20618659E-03
     68.875000       0.20476482E-03
     69.099998       0.20335773E-03
     69.324997       0.20196506E-03
     69.549995       0.20058662E-03
     69.774994       0.19922227E-03
     70.000000       0.19787169E-03
