    -20.000000       0.15889958e-02
    -19.775000       0.16198693e-02
    -19.549999       0.16516531e-02
    -19.325001       0.16843827e-02
    -19.100000       0.17180968e-02
    -18.875000       0.17528353e-02
    -18.650000       0.17886397e-02
    -18.424999       0.18255546e-02
    -18.200001       0.18636259e-02
    -17.975000       0.19029033e-02
    -17.750000       0.19434376e-02
    -17.525000       0.19852839e-02
    -17.299999       0.20284986e-02
    -17.075001       0.20731423e-02
    -16.850000       0.21192793e-02
    -16.625000       0.21669770e-02
    -16.400000       0.22163063e-02
    -16.174999       0.22673428e-02
    -15.950001       0.23201661e-02
    -15.725000       0.23748613e-02
    -15.500000       0.24315176e-02
    -15.275000       0.24902306e-02
    -15.050000       0.25511002e-02
    -14.825001       0.26142342e-02
    -14.600000       0.26797469e-02
    -14.375000       0.27477590e-02
    -14.150000       0.28183999e-02
    -13.925000       0.28918063e-02
    -13.700001       0.29681257e-02
    -13.475000       0.30475148e-02
    -13.250000       0.31301398e-02
    -13.025000       0.32161806e-02
    -12.800000       0.33058266e-02
    -12.575001       0.33992847e-02
    -12.350000       0.34967737e-02
    -12.125000       0.35985305e-02
    -11.900001       0.37048059e-02
    -11.675000       0.38158747e-02
    -11.450000       0.39320299e-02
    -11.225000       0.40535865e-02
    -11.000000       0.41808871e-02
    -10.775001       0.43142993e-02
    -10.550000       0.44542236e-02
    -10.325000       0.46010907e-02
    -10.100000       0.47553693e-02
    -9.8750000       0.49175692e-02
    -9.6500006       0.50882427e-02
    -9.4250002       0.52679946e-02
    -9.2000008       0.54574807e-02
    -8.9750004       0.56574213e-02
    -8.7500000       0.58686030e-02
    -8.5250006       0.60918857e-02
    -8.3000002       0.63282199e-02
    -8.0750008       0.65786443e-02
    -7.8500004       0.68443093e-02
    -7.6250000       0.71264828e-02
    -7.4000006       0.74265669e-02
    -7.1750002       0.77461201e-02
    -6.9500008       0.80868735e-02
    -6.7250004       0.84507577e-02
    -6.5000000       0.88399233e-02
    -6.2750006       0.92567854e-02
    -6.0500002       0.97040545e-02
    -5.8250008       0.10184781e-01
    -5.6000004       0.10702415e-01
    -5.3750000       0.11260864e-01
    -5.1500006       0.11864566e-01
    -4.9250002       0.12518595e-01
    -4.7000008       0.13228751e-01
    -4.4750004       0.14001717e-01
    -4.2500000       0.14845199e-01
    -4.0250006       0.15768136e-01
    -3.8000011       0.16780953e-01
    -3.5750008       0.17895870e-01
    -3.3500004       0.19127266e-01
    -3.1250000       0.20492195e-01
    -2.8999996       0.22010994e-01
    -2.6750011       0.23708073e-01
    -2.4500008       0.25613027e-01
    -2.2250004       0.27761925e-01
    -2.0000000       0.30199190e-01
    -1.7749996       0.32980101e-01
    -1.5500011       0.36174148e-01
    -1.3250008       0.39869945e-01
    -1.1000004       0.44181855e-01
   -0.87500000       0.49260035e-01
   -0.64999962       0.55305216e-01
   -0.42500114       0.62591507e-01
   -0.20000076       0.71503088e-01
    0.24999619e-01   0.82594446e-01
    0.25000000       0.96696749e-01
    0.47500038       0.11511608    
    0.69999886       0.14003626    
    0.92499924       0.17543904    
     1.1499996       0.22959053    
     1.3750000       0.32401007    
     1.5999985       0.55738235    
     1.8249989       0.97255665    
     2.0499992       0.97842598    
     2.2749996       0.97929549    
     2.5000000       0.97897184    
     2.7249985       0.97810578    
     2.9499989       0.97688841    
     3.1749992       0.97537644    
     3.3999996       0.97356671    
     3.6250000       0.97141541    
     3.8499985       0.96883616    
     4.0749989       0.96568136    
     4.2999992       0.96169779    
     4.5249996       0.95642081    
     4.7500000       0.94888818    
     4.9749985       0.93665666    
     5.1999989       0.91046094    
     5.4249992       0.74032051    
     5.6499996       0.37849955    
     5.8750000       0.25692169    
     6.0999985       0.19215343    
     6.3249989       0.15132179    
     6.5499992       0.12321718    
     6.7749996       0.10276377    
     7.0000000       0.87283153e-01
     7.2249985       0.75216296e-01
     7.4499989       0.65590421e-01
     7.6749992       0.57766763e-01
     7.8999996       0.51308313e-01
     8.1250000       0.45906269e-01
     8.3499985       0.41336498e-01
     8.5749989       0.37432489e-01
     8.7999992       0.34068271e-01
     9.0249996       0.31146837e-01
     9.2500000       0.28592400e-01
     9.4749985       0.26344986e-01
     9.6999989       0.24356518e-01
     9.9249992       0.22588155e-01
     10.150000       0.21008143e-01
     10.375000       0.19590327e-01
     10.599998       0.18313001e-01
     10.824999       0.17157982e-01
     11.049999       0.16109988e-01
     11.275000       0.15156069e-01
     11.500000       0.14285193e-01
     11.724998       0.13487914e-01
     11.949999       0.12756093e-01
     12.174999       0.12082704e-01
     12.399998       0.11461650e-01
     12.625000       0.10887594e-01
     12.849998       0.10355894e-01
     13.075001       0.98624443e-02
     13.299999       0.94036535e-02
     13.524998       0.89763259e-02
     13.750000       0.85776255e-02
     13.974998       0.82050513e-02
     14.200001       0.78563458e-02
     14.424999       0.75295147e-02
     14.649998       0.72227535e-02
     14.875000       0.69344373e-02
     15.099998       0.66631212e-02
     15.325001       0.64074790e-02
     15.549999       0.61663313e-02
     15.774998       0.59385942e-02
     16.000000       0.57232844e-02
     16.224998       0.55195162e-02
     16.450001       0.53264718e-02
     16.674999       0.51434137e-02
     16.899998       0.49696618e-02
     17.125000       0.48045887e-02
     17.349998       0.46476317e-02
     17.575001       0.44982593e-02
     17.799999       0.43559945e-02
     18.024998       0.42203899e-02
     18.250000       0.40910331e-02
     18.474998       0.39675494e-02
     18.700001       0.38495832e-02
     18.924999       0.37368144e-02
     19.149998       0.36289388e-02
     19.375000       0.35256752e-02
     19.599998       0.34267672e-02
     19.825001       0.33319698e-02
     20.049999       0.32410612e-02
     20.274998       0.31538290e-02
     20.500000       0.30700759e-02
     20.724998       0.29896220e-02
     20.950001       0.29122928e-02
     21.174999       0.28379318e-02
     21.399998       0.27663868e-02
     21.625000       0.26975157e-02
     21.849998       0.26311901e-02
     22.075001       0.25672824e-02
     22.299999       0.25056790e-02
     22.524998       0.24462698e-02
     22.750000       0.23889496e-02
     22.974998       0.23336239e-02
     23.199997       0.22802001e-02
     23.424999       0.22285913e-02
     23.649998       0.21787174e-02
     23.875000       0.21305001e-02
     24.099998       0.20838682e-02
     24.324997       0.20387521e-02
     24.549999       0.19950856e-02
     24.774998       0.19528091e-02
     25.000000       0.19118627e-02
     25.224998       0.18721924e-02
     25.449997       0.18337451e-02
     25.674999       0.17964702e-02
     25.899998       0.17603218e-02
     26.125000       0.17252536e-02
     26.349998       0.16912243e-02
     26.574997       0.16581925e-02
     26.799999       0.16261190e-02
     27.024998       0.15949683e-02
     27.250000       0.15647041e-02
     27.474998       0.15352940e-02
     27.699997       0.15067057e-02
     27.924999       0.14789085e-02
     28.149998       0.14518743e-02
     28.375000       0.14255744e-02
     28.599998       0.13999835e-02
     28.824997       0.13750757e-02
     29.049999       0.13508267e-02
     29.274998       0.13272140e-02
     29.500000       0.13042150e-02
     29.724998       0.12818091e-02
     29.949997       0.12599758e-02
     30.174999       0.12386953e-02
     30.399998       0.12179501e-02
     30.625000       0.11977213e-02
     30.849998       0.11779928e-02
     31.074997       0.11587478e-02
     31.299999       0.11399703e-02
     31.524998       0.11216461e-02
     31.750000       0.11037598e-02
     31.974998       0.10862982e-02
     32.199997       0.10692479e-02
     32.424999       0.10525955e-02
     32.649998       0.10363296e-02
     32.875000       0.10204374e-02
     33.099998       0.10049083e-02
     33.324997       0.98973100e-03
     33.549999       0.97489483e-03
     33.774998       0.96038974e-03
     34.000000       0.94620593e-03
     34.224998       0.93233416e-03
     34.449997       0.91876522e-03
     34.674999       0.90549009e-03
     34.899998       0.89250081e-03
     35.125000       0.87978880e-03
     35.349998       0.86734668e-03
     35.574997       0.85516656e-03
     35.799999       0.84324091e-03
     36.024998       0.83156318e-03
     36.250000       0.82012607e-03
     36.474998       0.80892352e-03
     36.699997       0.79794889e-03
     36.924999       0.78719590e-03
     37.149998       0.77665895e-03
     37.375000       0.76633178e-03
     37.599998       0.75620944e-03
     37.824997       0.74628637e-03
     38.049999       0.73655696e-03
     38.274998       0.72701680e-03
     38.500000       0.71766054e-03
     38.724998       0.70848384e-03
     38.949997       0.69948197e-03
     39.174999       0.69065041e-03
     39.399998       0.68198516e-03
     39.625000       0.67348171e-03
     39.849998       0.66513645e-03
     40.074997       0.65694530e-03
     40.299999       0.64890424e-03
     40.524998       0.64101006e-03
     40.750000       0.63325891e-03
     40.974998       0.62564749e-03
     41.199997       0.61817245e-03
     41.424999       0.61083035e-03
     41.649998       0.60361842e-03
     41.875000       0.59653330e-03
     42.099998       0.58957222e-03
     42.324997       0.58273222e-03
     42.549999       0.57601036e-03
     42.774998       0.56940420e-03
     43.000000       0.56291093e-03
     43.224998       0.55652810e-03
     43.449997       0.55025317e-03
     43.674999       0.54408368e-03
     43.899998       0.53801732e-03
     44.125000       0.53205174e-03
     44.349998       0.52618487e-03
     44.574997       0.52041439e-03
     44.799995       0.51473830e-03
     45.025002       0.50915442e-03
     45.250000       0.50366092e-03
     45.474998       0.49825583e-03
     45.699997       0.49293732e-03
     45.924995       0.48770333e-03
     46.150002       0.48255208e-03
     46.375000       0.47748210e-03
     46.599998       0.47249162e-03
     46.824997       0.46757894e-03
     47.049995       0.46274236e-03
     47.275002       0.45798022e-03
     47.500000       0.45329134e-03
     47.724998       0.44867406e-03
     47.949997       0.44412694e-03
     48.174995       0.43964854e-03
     48.400002       0.43523737e-03
     48.625000       0.43089228e-03
     48.849998       0.42661191e-03
     49.074997       0.42239498e-03
     49.299995       0.41824022e-03
     49.525002       0.41414626e-03
     49.750000       0.41011222e-03
     49.974998       0.40613679e-03
     50.199997       0.40221884e-03
     50.424995       0.39835726e-03
     50.650002       0.39455084e-03
     50.875000       0.39079879e-03
     51.099998       0.38709997e-03
     51.324997       0.38345342e-03
     51.549995       0.37985811e-03
     51.775002       0.37631292e-03
     52.000000       0.37281726e-03
     52.224998       0.36936995e-03
     52.449997       0.36597028e-03
     52.674995       0.36261725e-03
     52.900002       0.35930995e-03
     53.125000       0.35604777e-03
     53.349998       0.35282980e-03
     53.574997       0.34965515e-03
     53.799995       0.34652316e-03
     54.025002       0.34343291e-03
     54.250000       0.34038389e-03
     54.474998       0.33737525e-03
     54.699997       0.33440631e-03
     54.924995       0.33147632e-03
     55.150002       0.32858456e-03
     55.375000       0.32573053e-03
     55.599998       0.32291346e-03
     55.824997       0.32013279e-03
     56.049995       0.31738783e-03
     56.275002       0.31467789e-03
     56.500000       0.31200256e-03
     56.724998       0.30936117e-03
     56.949997       0.30675315e-03
     57.174995       0.30417798e-03
     57.400002       0.30163493e-03
     57.625000       0.29912370e-03
     57.849998       0.29664366e-03
     58.074997       0.29419432e-03
     58.299995       0.29177515e-03
     58.525002       0.28938561e-03
     58.750000       0.28702535e-03
     58.974998       0.28469378e-03
     59.199997       0.28239055e-03
     59.424995       0.28011505e-03
     59.650002       0.27786686e-03
     59.875000       0.27564569e-03
     60.099998       0.27345101e-03
     60.324997       0.27128241e-03
     60.549995       0.26913947e-03
     60.775002       0.26702172e-03
     61.000000       0.26492892e-03
     61.224998       0.26286059e-03
     61.449997       0.26081638e-03
     61.674995       0.25879586e-03
     61.900002       0.25679867e-03
     62.125000       0.25482454e-03
     62.349998       0.25287305e-03
     62.574997       0.25094387e-03
     62.799995       0.24903667e-03
     63.025002       0.24715102e-03
     63.250000       0.24528676e-03
     63.474998       0.24344349e-03
     63.699997       0.24162085e-03
     63.924995       0.23981863e-03
     64.150002       0.23803641e-03
     64.375000       0.23627400e-03
     64.599998       0.23453110e-03
     64.824997       0.23280735e-03
     65.049995       0.23110253e-03
     65.275002       0.22941628e-03
     65.500000       0.22774847e-03
     65.724998       0.22609873e-03
     65.949997       0.22446687e-03
     66.174995       0.22285255e-03
     66.399994       0.22125556e-03
     66.625000       0.21967563e-03
     66.849998       0.21811257e-03
     67.074997       0.21656609e-03
     67.299995       0.21503604e-03
     67.524994       0.21352211e-03
     67.750000       0.21202399e-03
     67.974998       0.21054166e-03
     68.199997       0.20907479e-03
     68.424995       0.20762320e-03
     68.649994       0.20618659e-03
     68.875000       0.20476482e-03
     69.099998       0.20335773e-03
     69.324997       0.20196506e-03
     69.549995       0.20058662e-03
     69.774994       0.19922227e-03
     70.000000       0.19787169e-03
