2.73e-03
2.78e-03
2.82e-03
2.87e-03
2.92e-03
2.97e-03
3.02e-03
3.07e-03
3.12e-03
3.18e-03
3.23e-03
3.29e-03
3.35e-03
3.41e-03
3.47e-03
3.54e-03
3.60e-03
3.67e-03
3.74e-03
3.81e-03
3.89e-03
3.96e-03
4.04e-03
4.12e-03
4.20e-03
4.29e-03
4.38e-03
4.47e-03
4.56e-03
4.66e-03
4.76e-03
4.86e-03
4.97e-03
5.08e-03
5.19e-03
5.31e-03
5.43e-03
5.56e-03
5.69e-03
5.82e-03
5.96e-03
6.11e-03
6.26e-03
6.42e-03
6.58e-03
6.75e-03
6.92e-03
7.10e-03
7.29e-03
7.49e-03
7.70e-03
7.91e-03
8.13e-03
8.36e-03
8.61e-03
8.86e-03
9.12e-03
9.40e-03
9.69e-03
9.99e-03
1.03e-02
1.06e-02
1.10e-02
1.14e-02
1.18e-02
1.22e-02
1.26e-02
1.30e-02
1.35e-02
1.40e-02
1.46e-02
1.51e-02
1.57e-02
1.63e-02
1.70e-02
1.77e-02
1.85e-02
1.93e-02
2.02e-02
2.11e-02
2.21e-02
2.32e-02
2.44e-02
2.56e-02
2.69e-02
2.84e-02
3.00e-02
3.17e-02
3.36e-02
3.56e-02
3.79e-02
4.04e-02
4.31e-02
4.61e-02
4.95e-02
5.33e-02
5.75e-02
6.23e-02
6.78e-02
7.40e-02
8.12e-02
8.96e-02
9.95e-02
0.11119902
0.12536315
0.14275724
0.16458467
0.19275604
0.23053893
0.28417863
0.36800609
0.5307111
0.99934057
0.99961616
0.99966879
0.99968724
0.99969297
0.99969228
0.99968702
0.99967981
0.99967013
0.99965849
0.99964513
0.99962973
0.99961265
0.99959328
0.99957155
0.99954668
0.99951807
0.99948493
0.9994458
0.99939857
0.99934007
0.99926395
0.99916008
0.99900236
0.99872233
0.99794122
0.62869362
0.40477923
0.30552149
0.24482731
0.20307121
0.17239754
0.14887748
0.13027956
0.11522751
0.102818
9.24e-02
8.36e-02
7.61e-02
6.96e-02
6.39e-02
5.89e-02
5.45e-02
5.06e-02
4.71e-02
4.40e-02
4.12e-02
3.86e-02
3.63e-02
3.42e-02
3.22e-02
3.05e-02
2.89e-02
2.74e-02
2.60e-02
2.47e-02
2.35e-02
2.24e-02
2.14e-02
2.05e-02
1.96e-02
1.87e-02
1.80e-02
1.72e-02
1.65e-02
1.59e-02
1.53e-02
1.47e-02
1.42e-02
1.37e-02
1.32e-02
1.27e-02
1.23e-02
1.19e-02
1.15e-02
1.11e-02
1.07e-02
1.04e-02
1.01e-02
9.78e-03
9.48e-03
9.20e-03
8.93e-03
8.68e-03
8.43e-03
8.20e-03
7.97e-03
7.75e-03
7.55e-03
7.35e-03
7.16e-03
6.97e-03
6.80e-03
6.62e-03
6.46e-03
6.30e-03
6.15e-03
6.00e-03
5.86e-03
5.73e-03
5.59e-03
5.47e-03
5.34e-03
5.22e-03
5.11e-03
5.00e-03
4.89e-03
4.79e-03
4.69e-03
4.59e-03
4.49e-03
4.40e-03
4.31e-03
4.23e-03
4.14e-03
4.06e-03
3.98e-03
3.91e-03
3.83e-03
3.76e-03
3.69e-03
3.62e-03
3.55e-03
3.49e-03
3.43e-03
3.37e-03
3.31e-03
3.25e-03
3.19e-03
3.14e-03
3.08e-03
3.03e-03
2.98e-03
2.93e-03
2.88e-03
2.84e-03
2.79e-03
2.74e-03
2.70e-03
2.66e-03
2.62e-03
2.57e-03
2.53e-03
2.50e-03
2.46e-03
2.42e-03
2.38e-03
2.35e-03
2.31e-03
2.28e-03
2.25e-03
2.21e-03
2.18e-03
2.15e-03
2.12e-03
2.09e-03
2.06e-03
2.03e-03
2.01e-03
1.98e-03
1.95e-03
1.92e-03
1.90e-03
1.87e-03
1.85e-03
1.82e-03
1.80e-03
1.78e-03
1.75e-03
1.73e-03
1.71e-03
1.69e-03
1.67e-03
1.65e-03
1.63e-03
1.61e-03
1.59e-03
1.57e-03
1.55e-03
1.53e-03
1.51e-03
1.49e-03
1.48e-03
1.46e-03
1.44e-03
1.42e-03
1.41e-03
1.39e-03
1.38e-03
1.36e-03
1.34e-03
1.33e-03
1.32e-03
1.30e-03
1.29e-03
1.27e-03
1.26e-03
1.24e-03
1.23e-03
1.22e-03
1.20e-03
1.19e-03
1.18e-03
1.17e-03
1.15e-03
1.14e-03
1.13e-03
1.12e-03
1.11e-03
1.10e-03
1.09e-03
1.07e-03
1.06e-03
1.05e-03
1.04e-03
1.03e-03
1.02e-03
1.01e-03
1.00e-03
9.93e-04
9.83e-04
9.74e-04
9.64e-04
9.55e-04
9.46e-04
9.37e-04
9.28e-04
9.20e-04
9.11e-04
9.03e-04
8.94e-04
8.86e-04
8.78e-04
8.70e-04
8.62e-04
8.55e-04
8.47e-04
8.39e-04
8.32e-04
8.25e-04
8.17e-04
8.10e-04
8.03e-04
7.96e-04
7.89e-04
7.82e-04
7.76e-04
7.69e-04
7.63e-04
7.56e-04
7.50e-04
7.44e-04
7.37e-04
7.31e-04
7.25e-04
7.19e-04
7.13e-04
7.07e-04
7.02e-04
6.96e-04
6.90e-04
6.85e-04
6.79e-04
6.74e-04
6.68e-04
6.63e-04
6.58e-04
6.53e-04
6.48e-04
6.43e-04
6.38e-04
6.33e-04
6.28e-04
6.23e-04
6.18e-04
6.13e-04
6.09e-04
6.04e-04
6.00e-04
5.95e-04
5.91e-04
5.86e-04
5.82e-04
5.78e-04
5.73e-04
5.69e-04
5.65e-04
5.61e-04
5.57e-04

